
Freq.	Trans.
399.26	0
401.19	-.0017602
403.12	-.0022488
405.05	-.0062533
406.98	-.0075298
408.9	-.0048235
410.83	.0008199
412.76	.0087399
414.69	.0092714
416.62	-.0043956
418.55	-.021295
420.48	-.023301
422.41	-.021478
424.33	-.025657
426.26	-.024884
428.19	-.023011
430.12	-.026423
432.05	-.030344
433.98	-.036486
435.91	-.048466
437.84	-.058801
439.76	-.059958
441.69	-.056017
443.62	-.053568
445.55	-.056548
447.48	-.060858
449.41	-.055443
451.34	-.045136
453.27	-.048941
455.2	-.064712
457.12	-.074227
459.05	-.075787
460.98	-.075566
462.91	-.07678
464.84	-.082476
466.77	-.088979
468.7	-.088516
470.63	-.083753
472.55	-.086862
474.48	-.095862
476.41	-.097689
478.34	-.092685
480.27	-.088515
482.2	-.08487
484.13	-.080123
486.06	-.075465
487.99	-.070076
489.91	-.066469
491.84	-.065264
493.77	-.061219
495.7	-.054493
497.63	-.04776
499.56	-.041379
501.49	-.037424
503.42	-.036202
505.34	-.034503
507.27	-.031639
509.2	-.02698
511.13	-.020774
513.06	-.016898
514.99	-.015012
516.92	-.013021
518.85	-.011059
520.78	-.007783
522.7	-.0028175
524.63	.0036712
526.56	.012269
528.49	.017997
530.42	.015588
532.35	.012418
534.28	.015936
536.21	.02058
538.13	.022083
540.06	.022132
541.99	.022225
543.92	.02411
545.85	.028401
547.78	.032941
549.71	.036379
551.64	.039623
553.57	.042915
555.49	.045065
557.42	.045457
559.35	.045354
561.28	.046735
563.21	.050375
565.14	.056292
567.07	.066518
569	.077524
570.92	.078742
572.85	.072928
574.78	.070406
576.71	.072341
578.64	.077058
580.57	.082218
582.5	.085318
584.43	.087762
586.36	.09101
588.28	.093734
590.21	.096173
592.14	.10068
594.07	.10665
596	.11176
597.93	.11497
599.86	.11636
601.79	.11909
603.71	.12462
605.64	.1287
607.57	.13226
609.5	.1394
611.43	.14551
613.36	.14795
615.29	.15102
617.22	.15561
619.14	.16018
621.07	.16386
623	.16827
624.93	.17546
626.86	.18384
628.79	.19063
630.72	.19441
632.65	.19637
634.58	.19907
636.5	.20318
638.43	.20771
640.36	.21314
642.29	.21936
644.22	.22304
646.15	.22516
648.08	.23105
650.01	.2395
651.93	.24515
653.86	.24708
655.79	.24753
657.72	.24932
659.65	.25332
661.58	.25755
663.51	.26287
665.44	.2684
667.37	.26822
669.29	.26767
671.22	.27596
673.15	.28352
675.08	.28684
677.01	.29
678.94	.29405
680.87	.29917
682.8	.30448
684.72	.3037
686.65	.29871
688.58	.29839
690.51	.30312
692.44	.30846
694.37	.31284
696.3	.31578
698.23	.31749
700.16	.31869
702.08	.31767
704.01	.31597
705.94	.31794
707.87	.32161
709.8	.32232
711.73	.32076
713.66	.32145
715.59	.32533
717.51	.32962
719.44	.33241
721.37	.33086
723.3	.32473
725.23	.31868
727.16	.31576
729.09	.31469
731.02	.3148
732.95	.31642
734.87	.31578
736.8	.31182
738.73	.31076
740.66	.31354
742.59	.31357
744.52	.3114
746.45	.31339
748.38	.31826
750.3	.31999
752.23	.31707
754.16	.31307
756.09	.30907
758.02	.30351
759.95	.30146
761.88	.30591
763.81	.30873
765.73	.30689
767.66	.30554
769.59	.30315
771.52	.29786
773.45	.2942
775.38	.29349
777.31	.2926
779.24	.28924
781.17	.28622
783.09	.28545
785.02	.28347
786.95	.28184
788.88	.28359
790.81	.28283
792.74	.27734
794.67	.27343
796.6	.27071
798.52	.26368
800.45	.25444
802.38	.25035
804.31	.25404
806.24	.25974
808.17	.25944
810.1	.25332
812.03	.2479
813.96	.2455
815.88	.24396
817.81	.24139
819.74	.23703
821.67	.23207
823.6	.22902
825.53	.22918
827.46	.22929
829.39	.22403
831.31	.21504
833.24	.20849
835.17	.20663
837.1	.20716
839.03	.20663
840.96	.20425
842.89	.20002
844.82	.19307
846.74	.18631
848.67	.18091
850.6	.17194
852.53	.15979
854.46	.15235
856.39	.15198
858.32	.15189
860.25	.14675
862.18	.13731
864.1	.12632
866.03	.11841
867.96	.11575
869.89	.11313
871.82	.10626
873.75	.097684
875.68	.090117
877.61	.083014
879.53	.075756
881.46	.068128
883.39	.060439
885.32	.053582
887.25	.046057
889.18	.036145
891.11	.025778
893.04	.016739
894.97	.0083622
896.89	.000046
898.82	-.0089807
900.75	-.019703
902.68	-.030432
904.61	-.039057
906.54	-.047216
908.47	-.058331
910.4	-.072649
912.32	-.086833
914.25	-.098864
916.18	-.10972
918.11	-.11987
920.04	-.12951
921.97	-.14042
923.9	-.15388
925.83	-.16937
927.76	-.18511
929.68	-.1993
931.61	-.21192
933.54	-.2239
935.47	-.23562
937.4	-.24781
939.33	-.26118
941.26	-.27545
943.19	-.28947
945.11	-.3024
947.04	-.31475
948.97	-.32738
950.9	-.34057
952.83	-.35405
954.76	-.36667
956.69	-.37814
958.62	-.38963
960.54	-.40176
962.47	-.41425
964.4	-.42669
966.33	-.43839
968.26	-.44884
970.19	-.45862
972.12	-.46865
974.05	-.47881
975.98	-.48838
977.9	-.49712
979.83	-.50569
981.76	-.51485
983.69	-.52368
985.62	-.5312
987.55	-.53875
989.48	-.54714
991.41	-.5549
993.33	-.56142
995.26	-.56777
997.19	-.57443
999.12	-.58113
1001	-.58732
1002.9	-.59257
1004.9	-.59749
1006.8	-.60269
1008.7	-.60801
1010.6	-.61311
1012.6	-.6178
1014.5	-.62266
1016.4	-.62781
1018.4	-.6322
1020.3	-.63541
1022.2	-.63814
1024.2	-.64092
1026.1	-.64363
1028	-.64626
1029.9	-.649
1031.9	-.65169
1033.8	-.65388
1035.7	-.65536
1037.7	-.65672
1039.6	-.6583
1041.5	-.65961
1043.4	-.66004
1045.4	-.65971
1047.3	-.65969
1049.2	-.66003
1051.2	-.65933
1053.1	-.6574
1055	-.65522
1056.9	-.65306
1058.9	-.65068
1060.8	-.6474
1062.7	-.64233
1064.7	-.63618
1066.6	-.63009
1068.5	-.62347
1070.4	-.61565
1072.4	-.60703
1074.3	-.59771
1076.2	-.58747
1078.2	-.57674
1080.1	-.56562
1082	-.55335
1083.9	-.54049
1085.9	-.52853
1087.8	-.51692
1089.7	-.50482
1091.7	-.49365
1093.6	-.48415
1095.5	-.4751
1097.4	-.46652
1099.4	-.45913
1101.3	-.45229
1103.2	-.44594
1105.2	-.44151
1107.1	-.43965
1109	-.43965
1110.9	-.44052
1112.9	-.44192
1114.8	-.44413
1116.7	-.44748
1118.7	-.45167
1120.6	-.45686
1122.5	-.46411
1124.5	-.4726
1126.4	-.48009
1128.3	-.48672
1130.2	-.49522
1132.2	-.50638
1134.1	-.51757
1136	-.52785
1138	-.53881
1139.9	-.55053
1141.8	-.5618
1143.7	-.57247
1145.7	-.58332
1147.6	-.59486
1149.5	-.60678
1151.5	-.61825
1153.4	-.62892
1155.3	-.63924
1157.2	-.64959
1159.2	-.65973
1161.1	-.66947
1163	-.67906
1165	-.6885
1166.9	-.69713
1168.8	-.70414
1170.7	-.70971
1172.7	-.71558
1174.6	-.72256
1176.5	-.72909
1178.5	-.73435
1180.4	-.73918
1182.3	-.74352
1184.2	-.74666
1186.2	-.74914
1188.1	-.75211
1190	-.75563
1192	-.75885
1193.9	-.76117
1195.8	-.7627
1197.7	-.76422
1199.7	-.76614
1201.6	-.76818
1203.5	-.77026
1205.5	-.77182
1207.4	-.77223
1209.3	-.77224
1211.2	-.77248
1213.2	-.77271
1215.1	-.77312
1217	-.77376
1219	-.77434
1220.9	-.77492
1222.8	-.77532
1224.7	-.77522
1226.7	-.7751
1228.6	-.7755
1230.5	-.77611
1232.5	-.77601
1234.4	-.77527
1236.3	-.7749
1238.3	-.77514
1240.2	-.77548
1242.1	-.77577
1244	-.77603
1246	-.776
1247.9	-.7757
1249.8	-.77541
1251.8	-.77528
1253.7	-.77515
1255.6	-.77477
1257.5	-.77419
1259.5	-.77374
1261.4	-.77347
1263.3	-.77326
1265.3	-.77321
1267.2	-.77343
1269.1	-.77373
1271	-.77361
1273	-.77284
1274.9	-.77203
1276.8	-.77178
1278.8	-.77179
1280.7	-.77181
1282.6	-.77176
1284.5	-.77124
1286.5	-.77046
1288.4	-.77005
1290.3	-.76997
1292.3	-.77001
1294.2	-.77025
1296.1	-.77012
1298	-.76911
1300	-.76803
1301.9	-.76743
1303.8	-.76691
1305.8	-.76651
1307.7	-.76654
1309.6	-.76671
1311.5	-.76629
1313.5	-.76553
1315.4	-.76513
1317.3	-.76471
1319.3	-.76411
1321.2	-.76375
1323.1	-.76322
1325	-.76213
1327	-.76091
1328.9	-.76014
1330.8	-.75988
1332.8	-.75982
1334.7	-.75975
1336.6	-.75944
1338.5	-.7587
1340.5	-.758
1342.4	-.75732
1344.3	-.75651
1346.3	-.75615
1348.2	-.75583
1350.1	-.75504
1352.1	-.75434
1354	-.75393
1355.9	-.75366
1357.8	-.7532
1359.8	-.75205
1361.7	-.75087
1363.6	-.75042
1365.6	-.7499
1367.5	-.74913
1369.4	-.74852
1371.3	-.74738
1373.3	-.7455
1375.2	-.74421
1377.1	-.74434
1379.1	-.74459
1381	-.74361
1382.9	-.74169
1384.8	-.73994
1386.8	-.73907
1388.7	-.73857
1390.6	-.73775
1392.6	-.73717
1394.5	-.73694
1396.4	-.7362
1398.3	-.7351
1400.3	-.73384
1402.2	-.73235
1404.1	-.73136
1406.1	-.73093
1408	-.73021
1409.9	-.72904
1411.8	-.72795
1413.8	-.72713
1415.7	-.72614
1417.6	-.72519
1419.6	-.72457
1421.5	-.72382
1423.4	-.72274
1425.3	-.72095
1427.3	-.71864
1429.2	-.71716
1431.1	-.71626
1433.1	-.71455
1435	-.71294
1436.9	-.71251
1438.8	-.71193
1440.8	-.71079
1442.7	-.71002
1444.6	-.70937
1446.6	-.70844
1448.5	-.70748
1450.4	-.70627
1452.3	-.70447
1454.3	-.70236
1456.2	-.70117
1458.1	-.70087
1460.1	-.69901
1462	-.69692
1463.9	-.69684
1465.9	-.69708
1467.8	-.6955
1469.7	-.69339
1471.6	-.6925
1473.6	-.69259
1475.5	-.69213
1477.4	-.69082
1479.4	-.68883
1481.3	-.68666
1483.2	-.68498
1485.1	-.6835
1487.1	-.68239
1489	-.68237
1490.9	-.68206
1492.9	-.67973
1494.8	-.67688
1496.7	-.67581
1498.6	-.67596
1500.6	-.67502
1502.5	-.67233
1504.4	-.66985
1506.4	-.67045
1508.3	-.67185
1510.2	-.67047
1512.1	-.66814
1514.1	-.66623
1516	-.6645
1517.9	-.66214
1519.9	-.65995
1521.8	-.65944
1523.7	-.659
1525.6	-.65806
1527.6	-.65737
1529.5	-.65567
1531.4	-.6536
1533.4	-.65286
1535.3	-.65154
1537.2	-.64779
1539.1	-.6445
1541.1	-.64431
1543	-.64468
1544.9	-.64412
1546.9	-.64318
1548.8	-.64224
1550.7	-.64089
1552.6	-.63885
1554.6	-.63621
1556.5	-.63318
1558.4	-.63297
1560.4	-.63484
1562.3	-.63265
1564.2	-.62876
1566.1	-.62653
1568.1	-.62563
1570	-.62422
1571.9	-.62084
1573.9	-.61764
1575.8	-.61768
1577.7	-.61846
1579.7	-.61642
1581.6	-.61356
1583.5	-.61118
1585.4	-.60834
1587.4	-.60516
1589.3	-.60227
1591.2	-.60028
1593.2	-.59954
1595.1	-.59817
1597	-.59505
1598.9	-.59208
1600.9	-.58926
1602.8	-.58428
1604.7	-.57786
1606.7	-.5726
1608.6	-.56813
1610.5	-.56291
1612.4	-.5563
1614.4	-.54813
1616.3	-.53917
1618.2	-.52951
1620.2	-.51937
1622.1	-.51158
1624	-.50671
1625.9	-.50141
1627.9	-.49657
1629.8	-.4944
1631.7	-.49336
1633.7	-.49488
1635.6	-.50104
1637.5	-.50579
1639.4	-.5064
1641.4	-.50727
1643.3	-.50987
1645.2	-.5147
1647.2	-.52075
1649.1	-.52249
1651	-.52319
1652.9	-.53368
1654.9	-.54699
1656.8	-.55027
1658.7	-.55006
1660.7	-.55163
1662.6	-.55595
1664.5	-.56043
1666.4	-.56225
1668.4	-.56416
1670.3	-.56727
1672.2	-.56918
1674.2	-.57202
1676.1	-.57723
1678	-.58101
1679.9	-.58209
1681.9	-.5836
1683.8	-.58914
1685.7	-.59552
1687.7	-.59882
1689.6	-.60447
1691.5	-.61238
1693.5	-.61896
1695.4	-.62681
1697.3	-.63492
1699.2	-.64333
1701.2	-.6546
1703.1	-.66264
1705	-.66884
1707	-.67849
1708.9	-.68927
1710.8	-.69845
1712.7	-.70664
1714.7	-.7159
1716.6	-.72792
1718.5	-.74023
1720.5	-.74909
1722.4	-.75655
1724.3	-.76526
1726.2	-.77386
1728.2	-.78139
1730.1	-.78861
1732	-.79697
1734	-.8084
1735.9	-.81827
1737.8	-.82327
1739.7	-.828
1741.7	-.83473
1743.6	-.84168
1745.5	-.84747
1747.5	-.85215
1749.4	-.85702
1751.3	-.86277
1753.2	-.86812
1755.2	-.87254
1757.1	-.87637
1759	-.87948
1761	-.88282
1762.9	-.88657
1764.8	-.88948
1766.7	-.89211
1768.7	-.89517
1770.6	-.89839
1772.5	-.90168
1774.5	-.90455
1776.4	-.9066
1778.3	-.90844
1780.2	-.91087
1782.2	-.91372
1784.1	-.91577
1786	-.91664
1788	-.91736
1789.9	-.91893
1791.8	-.9217
1793.7	-.92472
1795.7	-.92654
1797.6	-.92757
1799.5	-.92848
1801.5	-.92909
1803.4	-.9296
1805.3	-.93049
1807.3	-.93209
1809.2	-.93384
1811.1	-.93498
1813	-.93527
1815	-.93482
1816.9	-.9347
1818.8	-.93585
1820.8	-.93766
1822.7	-.93939
1824.6	-.94105
1826.5	-.94226
1828.5	-.94337
1830.4	-.94496
1832.3	-.94543
1834.3	-.94457
1836.2	-.94474
1838.1	-.94606
1840	-.9465
1842	-.94603
1843.9	-.94604
1845.8	-.94619
1847.8	-.94616
1849.7	-.94693
1851.6	-.94816
1853.5	-.94873
1855.5	-.94902
1857.4	-.94972
1859.3	-.95053
1861.3	-.95122
1863.2	-.952
1865.1	-.95269
1867	-.95291
1869	-.95262
1870.9	-.95248
1872.8	-.95285
1874.8	-.95333
1876.7	-.95333
1878.6	-.95298
1880.5	-.95274
1882.5	-.95249
1884.4	-.95271
1886.3	-.95375
1888.3	-.95444
1890.2	-.95407
1892.1	-.95348
1894	-.95378
1896	-.95469
1897.9	-.95498
1899.8	-.95486
1901.8	-.95511
1903.7	-.95486
1905.6	-.95386
1907.5	-.95345
1909.5	-.95382
1911.4	-.95372
1913.3	-.95289
1915.3	-.95247
1917.2	-.95263
1919.1	-.95213
1921.1	-.95132
1923	-.95135
1924.9	-.95143
1926.8	-.95074
1928.8	-.94996
1930.7	-.94974
1932.6	-.94983
1934.6	-.94932
1936.5	-.94815
1938.4	-.94766
1940.3	-.94864
1942.3	-.95023
1944.2	-.95093
1946.1	-.9499
1948.1	-.94802
1950	-.94629
1951.9	-.94519
1953.8	-.94524
1955.8	-.94569
1957.7	-.94554
1959.6	-.9448
1961.6	-.94376
1963.5	-.94324
1965.4	-.94313
1967.3	-.94236
1969.3	-.94098
1971.2	-.93999
1973.1	-.93953
1975.1	-.93859
1977	-.93725
1978.9	-.93625
1980.8	-.93544
1982.8	-.9347
1984.7	-.93398
1986.6	-.93332
1988.6	-.93272
1990.5	-.93226
1992.4	-.93237
1994.3	-.93252
1996.3	-.93192
1998.2	-.93065
2000.1	-.92894
2002.1	-.92766
2004	-.9273
2005.9	-.92668
2007.8	-.92525
2009.8	-.92331
2011.7	-.92118
2013.6	-.91987
2015.6	-.91975
2017.5	-.92005
2019.4	-.91985
2021.3	-.91884
2023.3	-.91749
2025.2	-.91613
2027.1	-.91479
2029.1	-.91336
2031	-.91192
2032.9	-.91073
2034.9	-.90963
2036.8	-.90908
2038.7	-.90912
2040.6	-.90822
2042.6	-.90659
2044.5	-.90561
2046.4	-.9049
2048.4	-.90387
2050.3	-.90266
2052.2	-.90121
2054.1	-.89966
2056.1	-.89816
2058	-.89643
2059.9	-.8938
2061.9	-.89033
2063.8	-.8876
2065.7	-.88662
2067.6	-.88568
2069.6	-.88303
2071.5	-.87965
2073.4	-.87663
2075.4	-.87296
2077.3	-.86831
2079.2	-.86394
2081.1	-.86038
2083.1	-.85718
2085	-.85366
2086.9	-.8494
2088.9	-.84466
2090.8	-.84027
2092.7	-.83648
2094.6	-.83241
2096.6	-.82778
2098.5	-.82354
2100.4	-.81976
2102.4	-.81588
2104.3	-.81195
2106.2	-.80789
2108.1	-.80358
2110.1	-.79926
2112	-.79525
2113.9	-.79151
2115.9	-.78787
2117.8	-.78415
2119.7	-.78025
2121.6	-.77625
2123.6	-.77204
2125.5	-.76768
2127.4	-.76357
2129.4	-.75939
2131.3	-.75494
2133.2	-.75079
2135.2	-.74715
2137.1	-.74349
2139	-.73962
2140.9	-.73582
2142.9	-.73208
2144.8	-.72853
2146.7	-.72522
2148.7	-.72164
2150.6	-.71765
2152.5	-.71352
2154.4	-.70953
2156.4	-.70597
2158.3	-.70258
2160.2	-.69909
2162.2	-.69581
2164.1	-.69263
2166	-.68897
2167.9	-.68489
2169.9	-.6811
2171.8	-.67787
2173.7	-.67472
2175.7	-.67159
2177.6	-.66872
2179.5	-.66596
2181.4	-.66315
2183.4	-.66027
2185.3	-.6573
2187.2	-.65425
2189.2	-.65134
2191.1	-.64892
2193	-.64701
2194.9	-.64534
2196.9	-.64364
2198.8	-.64162
2200.7	-.63926
2202.7	-.63704
2204.6	-.63532
2206.5	-.63402
2208.4	-.63306
2210.4	-.63208
2212.3	-.63069
2214.2	-.62939
2216.2	-.62854
2218.1	-.62784
2220	-.62699
2221.9	-.62605
2223.9	-.62505
2225.8	-.62421
2227.7	-.62407
2229.7	-.62431
2231.6	-.62408
2233.5	-.62353
2235.4	-.62316
2237.4	-.62296
2239.3	-.62289
2241.2	-.62308
2243.2	-.62336
2245.1	-.62354
2247	-.6238
2249	-.62406
2250.9	-.62403
2252.8	-.62393
2254.7	-.62437
2256.7	-.62543
2258.6	-.626
2260.5	-.62569
2262.5	-.62545
2264.4	-.62607
2266.3	-.62719
2268.2	-.62769
2270.2	-.62745
2272.1	-.62748
2274	-.62807
2276	-.62868
2277.9	-.6291
2279.8	-.62959
2281.7	-.63038
2283.7	-.63132
2285.6	-.63215
2287.5	-.63251
2289.5	-.63247
2291.4	-.6325
2293.3	-.63291
2295.2	-.63373
2297.2	-.63444
2299.1	-.63469
2301	-.63478
2303	-.63489
2304.9	-.63533
2306.8	-.63616
2308.7	-.63675
2310.7	-.63685
2312.6	-.63688
2314.5	-.63736
2316.5	-.63829
2318.4	-.63907
2320.3	-.63949
2322.2	-.63991
2324.2	-.64046
2326.1	-.64085
2328	-.64088
2330	-.64103
2331.9	-.64165
2333.8	-.64175
2335.7	-.64012
2337.7	-.63569
2339.6	-.6285
2341.5	-.62281
2343.5	-.62399
2345.4	-.63136
2347.3	-.63865
2349.2	-.64254
2351.2	-.64435
2353.1	-.64587
2355	-.64731
2357	-.64806
2358.9	-.64834
2360.8	-.64859
2362.8	-.64912
2364.7	-.6502
2366.6	-.6515
2368.5	-.6527
2370.5	-.65381
2372.4	-.65481
2374.3	-.6554
2376.3	-.65553
2378.2	-.6556
2380.1	-.65582
2382	-.65615
2384	-.6564
2385.9	-.6564
2387.8	-.65636
2389.8	-.65644
2391.7	-.65646
2393.6	-.65634
2395.5	-.65636
2397.5	-.65673
2399.4	-.65721
2401.3	-.65751
2403.3	-.65766
2405.2	-.65772
2407.1	-.65769
2409	-.65776
2411	-.65797
2412.9	-.65809
2414.8	-.65811
2416.8	-.65812
2418.7	-.65816
2420.6	-.65824
2422.5	-.65833
2424.5	-.65841
2426.4	-.6585
2428.3	-.65853
2430.3	-.65838
2432.2	-.65808
2434.1	-.65779
2436	-.65751
2438	-.65731
2439.9	-.6572
2441.8	-.65702
2443.8	-.65677
2445.7	-.65651
2447.6	-.65621
2449.5	-.65595
2451.5	-.65568
2453.4	-.65534
2455.3	-.65506
2457.3	-.65496
2459.2	-.65493
2461.1	-.65492
2463	-.65485
2465	-.65451
2466.9	-.65397
2468.8	-.65354
2470.8	-.65324
2472.7	-.65289
2474.6	-.65243
2476.6	-.65198
2478.5	-.65165
2480.4	-.65131
2482.3	-.6508
2484.3	-.65016
2486.2	-.64952
2488.1	-.64895
2490.1	-.64845
2492	-.64799
2493.9	-.64745
2495.8	-.64677
2497.8	-.64594
2499.7	-.64499
2501.6	-.64417
2503.6	-.64356
2505.5	-.6429
2507.4	-.64199
2509.3	-.64094
2511.3	-.63989
2513.2	-.63888
2515.1	-.63776
2517.1	-.63658
2519	-.63543
2520.9	-.63425
2522.8	-.63306
2524.8	-.63182
2526.7	-.63052
2528.6	-.62933
2530.6	-.62813
2532.5	-.62673
2534.4	-.62528
2536.3	-.62391
2538.3	-.62257
2540.2	-.62118
2542.1	-.61963
2544.1	-.61795
2546	-.61616
2547.9	-.61429
2549.8	-.61253
2551.8	-.61089
2553.7	-.60916
2555.6	-.60731
2557.6	-.6054
2559.5	-.60339
2561.4	-.6013
2563.3	-.59934
2565.3	-.59751
2567.2	-.59554
2569.1	-.59327
2571.1	-.59091
2573	-.58878
2574.9	-.58682
2576.8	-.5846
2578.8	-.58198
2580.7	-.57932
2582.6	-.57688
2584.6	-.57433
2586.5	-.57151
2588.4	-.56874
2590.4	-.56607
2592.3	-.56332
2594.2	-.56047
2596.1	-.55757
2598.1	-.55471
2600	-.5519
2601.9	-.54903
2603.9	-.54599
2605.8	-.54284
2607.7	-.53973
2609.6	-.5367
2611.6	-.53369
2613.5	-.5306
2615.4	-.52741
2617.4	-.5242
2619.3	-.52092
2621.2	-.51747
2623.1	-.51394
2625.1	-.51048
2627	-.5071
2628.9	-.50368
2630.9	-.5002
2632.8	-.49664
2634.7	-.49293
2636.6	-.48916
2638.6	-.48543
2640.5	-.48162
2642.4	-.47768
2644.4	-.47384
2646.3	-.47014
2648.2	-.46632
2650.1	-.46232
2652.1	-.45831
2654	-.45437
2655.9	-.45042
2657.9	-.44634
2659.8	-.4421
2661.7	-.43785
2663.6	-.43365
2665.6	-.42936
2667.5	-.42498
2669.4	-.42057
2671.4	-.41604
2673.3	-.41136
2675.2	-.40655
2677.1	-.40176
2679.1	-.397
2681	-.39209
2682.9	-.38712
2684.9	-.38214
2686.8	-.37712
2688.7	-.37208
2690.6	-.36702
2692.6	-.36199
2694.5	-.35685
2696.4	-.35143
2698.4	-.34592
2700.3	-.3404
2702.2	-.33484
2704.2	-.32936
2706.1	-.32393
2708	-.31836
2709.9	-.31268
2711.9	-.30693
2713.8	-.3011
2715.7	-.29536
2717.7	-.28978
2719.6	-.28404
2721.5	-.27805
2723.4	-.27202
2725.4	-.2659
2727.3	-.25967
2729.2	-.25377
2731.2	-.24822
2733.1	-.2424
2735	-.23613
2736.9	-.22992
2738.9	-.22409
2740.8	-.21839
2742.7	-.21249
2744.7	-.2065
2746.6	-.20064
2748.5	-.19482
2750.4	-.18876
2752.4	-.18234
2754.3	-.17599
2756.2	-.17014
2758.2	-.16448
2760.1	-.15863
2762	-.15266
2763.9	-.14664
2765.9	-.14069
2767.8	-.13486
2769.7	-.12895
2771.7	-.12304
2773.6	-.11734
2775.5	-.1117
2777.4	-.10599
2779.4	-.10036
2781.3	-.09473
2783.2	-.089
2785.2	-.083449
2787.1	-.078097
2789	-.072717
2790.9	-.067297
2792.9	-.061684
2794.8	-.055786
2796.7	-.049925
2798.7	-.044354
2800.6	-.039049
2802.5	-.033911
2804.4	-.028804
2806.4	-.023514
2808.3	-.018052
2810.2	-.012688
2812.2	-.0076179
2814.1	-.0028978
2816	.0016215
2818	.0063309
2819.9	.01151
2821.8	.016898
2823.7	.022093
2825.7	.027018
2827.6	.031711
2829.5	.036271
2831.5	.040803
2833.4	.045214
2835.3	.049373
2837.2	.053552
2839.2	.057977
2841.1	.062425
2843	.066755
2845	.07086
2846.9	.074861
2848.8	.079024
2850.7	.083265
2852.7	.08739
2854.6	.091345
2856.5	.095473
2858.5	.099824
2860.4	.10383
2862.3	.10726
2864.2	.11026
2866.2	.1133
2868.1	.11686
2870	.12062
2872	.12413
2873.9	.12736
2875.8	.13025
2877.7	.13294
2879.7	.1358
2881.6	.13879
2883.5	.14162
2885.5	.1444
2887.4	.14724
2889.3	.14989
2891.2	.15239
2893.2	.15499
2895.1	.15749
2897	.15969
2899	.16193
2900.9	.16433
2902.8	.16645
2904.7	.16837
2906.7	.17048
2908.6	.17256
2910.5	.17463
2912.5	.17701
2914.4	.1795
2916.3	.18174
2918.2	.18387
2920.2	.18613
2922.1	.18819
2924	.1898
2926	.19142
2927.9	.19315
2929.8	.19481
2931.8	.19684
2933.7	.19919
2935.6	.20134
2937.5	.20333
2939.5	.20545
2941.4	.20801
2943.3	.211
2945.3	.21385
2947.2	.21604
2949.1	.21785
2951	.21988
2953	.22241
2954.9	.22518
2956.8	.22791
2958.8	.23062
2960.7	.23327
2962.6	.23634
2964.5	.24031
2966.5	.24429
2968.4	.24775
2970.3	.2513
2972.3	.25523
2974.2	.25946
2976.1	.26367
2978	.26754
2980	.27187
2981.9	.27745
2983.8	.28359
2985.8	.28956
2987.7	.29561
2989.6	.302
2991.5	.30843
2993.5	.31472
2995.4	.3214
2997.3	.32905
2999.3	.33766
3001.2	.34678
3003.1	.35566
3005	.36434
3007	.37361
3008.9	.38354
3010.8	.39402
3012.8	.40545
3014.7	.41728
3016.6	.42846
3018.5	.43916
3020.5	.45046
3022.4	.46303
3024.3	.47685
3026.3	.49117
3028.2	.50511
3030.1	.51909
3032	.53378
3034	.54873
3035.9	.56292
3037.8	.5762
3039.8	.58984
3041.7	.60437
3043.6	.619
3045.6	.63354
3047.5	.64777
3049.4	.66075
3051.3	.67299
3053.3	.68569
3055.2	.69904
3057.1	.71313
3059.1	.72671
3061	.73806
3062.9	.74854
3064.8	.75957
3066.8	.7701
3068.7	.77986
3070.6	.78851
3072.6	.79472
3074.5	.79981
3076.4	.8058
3078.3	.81247
3080.3	.8188
3082.2	.82431
3084.1	.83011
3086.1	.8367
3088	.84203
3089.9	.84495
3091.8	.84761
3093.8	.85145
3095.7	.85466
3097.6	.85605
3099.6	.85752
3101.5	.86098
3103.4	.86521
3105.3	.86792
3107.3	.86925
3109.2	.8706
3111.1	.8726
3113.1	.876
3115	.88062
3116.9	.88353
3118.8	.88354
3120.8	.88385
3122.7	.886
3124.6	.88764
3126.6	.88878
3128.5	.89156
3130.4	.89479
3132.3	.89649
3134.3	.89707
3136.2	.89707
3138.1	.89671
3140.1	.89726
3142	.89905
3143.9	.90121
3145.8	.90303
3147.8	.90345
3149.7	.90335
3151.6	.90508
3153.6	.90861
3155.5	.9119
3157.4	.91446
3159.4	.91782
3161.3	.92161
3163.2	.92371
3165.1	.92301
3167.1	.92161
3169	.92258
3170.9	.92463
3172.9	.92547
3174.8	.92703
3176.7	.93155
3178.6	.93618
3180.6	.93851
3182.5	.94018
3184.4	.94139
3186.4	.94151
3188.3	.94138
3190.2	.94208
3192.1	.94448
3194.1	.94872
3196	.95309
3197.9	.95521
3199.9	.95529
3201.8	.95496
3203.7	.95457
3205.6	.95506
3207.6	.95835
3209.5	.96266
3211.4	.96547
3213.4	.96729
3215.3	.96835
3217.2	.96896
3219.1	.96985
3221.1	.97267
3223	.97769
3224.9	.9813
3226.9	.98265
3228.8	.98319
3230.7	.98329
3232.6	.98506
3234.6	.98973
3236.5	.99424
3238.4	.99537
3240.4	.99483
3242.3	.99593
3244.2	.99911
3246.1	1.0031
3248.1	1.0066
3250	1.0085
3251.9	1.009
3253.9	1.0093
3255.8	1.0116
3257.7	1.0157
3259.6	1.0183
3261.6	1.0179
3263.5	1.0167
3265.4	1.018
3267.4	1.0221
3269.3	1.0256
3271.2	1.0279
3273.2	1.0292
3275.1	1.03
3277	1.0326
3278.9	1.0369
3280.9	1.0397
3282.8	1.0412
3284.7	1.043
3286.7	1.0455
3288.6	1.0478
3290.5	1.0494
3292.4	1.0498
3294.4	1.0489
3296.3	1.0489
3298.2	1.0531
3300.2	1.0598
3302.1	1.0638
3304	1.0643
3305.9	1.0638
3307.9	1.0648
3309.8	1.0683
3311.7	1.0718
3313.7	1.0728
3315.6	1.073
3317.5	1.0731
3319.4	1.0736
3321.4	1.0751
3323.3	1.0775
3325.2	1.0811
3327.2	1.0846
3329.1	1.0863
3331	1.0867
3332.9	1.0873
3334.9	1.0878
3336.8	1.0878
3338.7	1.089
3340.7	1.0921
3342.6	1.0945
3344.5	1.0957
3346.4	1.0972
3348.4	1.0989
3350.3	1.1014
3352.2	1.1042
3354.2	1.1066
3356.1	1.1086
3358	1.1094
3359.9	1.1093
3361.9	1.1103
3363.8	1.1134
3365.7	1.1168
3367.7	1.1192
3369.6	1.1203
3371.5	1.1198
3373.4	1.1202
3375.4	1.1233
3377.3	1.127
3379.2	1.13
3381.2	1.1321
3383.1	1.1316
3385	1.1302
3387	1.1301
3388.9	1.1303
3390.8	1.1306
3392.7	1.1308
3394.7	1.1321
3396.6	1.1348
3398.5	1.1366
3400.5	1.1374
3402.4	1.1385
3404.3	1.1392
3406.2	1.1385
3408.2	1.1378
3410.1	1.1381
3412	1.1389
3414	1.1402
3415.9	1.1399
3417.8	1.1376
3419.7	1.1359
3421.7	1.1356
3423.6	1.1352
3425.5	1.1345
3427.5	1.1339
3429.4	1.1324
3431.3	1.1307
3433.2	1.1305
3435.2	1.1321
3437.1	1.1324
3439	1.1307
3441	1.1283
3442.9	1.1255
3444.8	1.1232
3446.7	1.121
3448.7	1.1181
3450.6	1.1143
3452.5	1.1104
3454.5	1.1076
3456.4	1.106
3458.3	1.104
3460.2	1.0996
3462.2	1.094
3464.1	1.0895
3466	1.0856
3468	1.0794
3469.9	1.0707
3471.8	1.0616
3473.7	1.0531
3475.7	1.0446
3477.6	1.0352
3479.5	1.0256
3481.5	1.0163
3483.4	1.0068
3485.3	.99644
3487.2	.98397
3489.2	.97072
3491.1	.95731
3493	.94342
3495	.92871
3496.9	.91387
3498.8	.89971
3500.8	.88484
3502.7	.86756
3504.6	.84862
3506.5	.83061
3508.5	.81309
3510.4	.7947
3512.3	.7758
3514.3	.75666
3516.2	.73749
3518.1	.71835
3520	.69933
3522	.67947
3523.9	.65871
3525.8	.63867
3527.8	.61929
3529.7	.59945
3531.6	.57925
3533.5	.55933
3535.5	.53915
3537.4	.51872
3539.3	.49912
3541.3	.4804
3543.2	.46183
3545.1	.44263
3547	.4231
3549	.4044
3550.9	.38658
3552.8	.36854
3554.8	.35056
3556.7	.33353
3558.6	.31691
3560.5	.30028
3562.5	.28426
3564.4	.26911
3566.3	.25308
3568.3	.2358
3570.2	.22009
3572.1	.20634
3574	.19284
3576	.1791
3577.9	.16551
3579.8	.15227
3581.8	.13963
3583.7	.12786
3585.6	.11621
3587.5	.10363
3589.5	.09119
3591.4	.080627
3593.3	.070835
3595.3	.060679
3597.2	.050863
3599.1	.041622
3601	.032568
3603	.023892
3604.9	.015995
3606.8	.0084088
3608.8	.0005611
3610.7	-.0069687
3612.6	-.013911
3614.6	-.020479
3616.5	-.026461
3618.4	-.032431
3620.3	-.038698
3622.3	-.044207
3624.2	-.048743
3626.1	-.052898
3628.1	-.057722
3630	-.063345
3631.9	-.0677
3633.8	-.070929
3635.8	-.074178
3637.7	-.077364
3639.6	-.080369
3641.6	-.083096
3643.5	-.085391
3645.4	-.087411
3647.3	-.089585
3649.3	-.092058
3651.2	-.094043
3653.1	-.094958
3655.1	-.095512
3657	-.096216
3658.9	-.096583
3660.8	-.096545
3662.8	-.096427
3664.7	-.096091
3666.6	-.095418
3668.6	-.094726
3670.5	-.094147
3672.4	-.093229
3674.3	-.092293
3676.3	-.091679
3678.2	-.090591
3680.1	-.088959
3682.1	-.087133
3684	-.084943
3685.9	-.082434
3687.8	-.079864
3689.8	-.077067
3691.7	-.073767
3693.6	-.070351
3695.6	-.067391
3697.5	-.065089
3699.4	-.063551
3701.3	-.063058
3703.3	-.063578
3705.2	-.064668
3707.1	-.066176
3709.1	-.068063
3711	-.069906
3712.9	-.070808
3714.8	-.070251
3716.8	-.068895
3718.7	-.067436
3720.6	-.066104
3722.6	-.06494
3724.5	-.063858
3726.4	-.062573
3728.4	-.060886
3730.3	-.058952
3732.2	-.056955
3734.1	-.054921
3736.1	-.052779
3738	-.050378
3739.9	-.047711
3741.9	-.045185
3743.8	-.043136
3745.7	-.041071
3747.6	-.038626
3749.6	-.036344
3751.5	-.034256
3753.4	-.031873
3755.4	-.029265
3757.3	-.026807
3759.2	-.024579
3761.1	-.022327
3763.1	-.019966
3765	-.017681
3766.9	-.015466
3768.9	-.013294
3770.8	-.011109
3772.7	-.0088072
3774.6	-.0064813
3776.6	-.0042051
3778.5	-.0020077
3780.4	.0001397
3782.4	.0001265
3784.3	.000147
3786.2	.0001767
3788.1	.0002381
3790.1	.0002771
3792	.0002727
3793.9	.0002597
3795.9	.0002201
3797.8	.000185
3799.7	.0000875
3801.6	-.0001114
3803.6	-.0000913
3805.5	.0000182
3807.4	-.000042
3809.4	-.000019
3811.3	.0001227
3813.2	.0001617
3815.1	.0000221
3817.1	-.0000448
3819	.0000607
3820.9	1.81E-06
3822.9	-.0000627
3824.8	.0000937
3826.7	.0002192
3828.6	.0002415
3830.6	.0002033
3832.5	.0001445
3834.4	.0001184
3836.4	.0000422
3838.3	-.0000574
3840.2	-6.31E-06
3842.2	.0001305
3844.1	.0002303
3846	.0002505
3847.9	.0003355
3849.9	.0003942
3851.8	.0001397
3853.7	-.0004592
3855.7	-.0006039
3857.6	-.0002104
3859.5	.0000801
3861.4	.0000981
3863.4	-.0000736
3865.3	-.0001899
3867.2	-.0001358
3869.2	-.0001767
3871.1	-.0002995
3873	-.0003204
3874.9	-.0002979
3876.9	-.0002228
3878.8	-.0001993
3880.7	-.0002684
3882.7	-.0002691
3884.6	-.000297
3886.5	-.0003151
3888.4	-.0002049
3890.4	-.0002243
3892.3	-.0003466
3894.2	-.0002967
3896.2	-.0002012
3898.1	-.0002435
3900	-.0003652
3901.9	-.000476
3903.9	-.000536
3905.8	-.0004354
3907.7	-.0002168
3909.7	-.0000643
3911.6	8.57E-06
3913.5	.0000267
3915.4	-.0000383
3917.4	-.00013
3919.3	-.0001318
3921.2	-.0000358
3923.2	.0000441
3925.1	.0000363
3927	.0000569
3928.9	.0000664
3930.9	9.84E-06
3932.8	3.80E-06
3934.7	.0001045
3936.7	.0001351
3938.6	.0000588
3940.5	.0000226
3942.4	.0000551
3944.4	.0000699
3946.3	.0000186
3948.2	-.000094
3950.2	-.0002176
3952.1	-.0002351
3954	-.0001079
3956	-5.97E-07
3957.9	-.0000479
3959.8	-.0001359
3961.7	-.0001641
3963.7	-.0002001
3965.6	-.0002432
3967.5	-.0002521
3969.5	-.0002553
3971.4	-.0002506
3973.3	-.0002275
3975.2	-.0002271
3977.2	-.0002479
3979.1	-.0002398
3981	-.0002203
3983	-.0002062
3984.9	-.0000831
3986.8	.0000335
3988.7	.0001083
3990.7	.0001345
3992.6	.0001259
3994.5	.0001015
3996.5	.0000679
3998.4	.0000496
4000.3	.0000882
4002.2	.0001942
4004.2	.0003434
4006.1	.000489
4008	.0005567
4010	.0005661
4011.9	.0005933
4013.8	.0005898
4015.7	.0005229
4017.7	.0004822
4019.6	.0005053
4021.5	.0005001
4023.5	.0004278
4025.4	.0003971
4027.3	.0004134
4029.2	.0003752
4031.2	.0003107
4033.1	.0002792
4035	.0002601
4037	.0002563
4038.9	.0003261
4040.8	.000455
4042.7	.0005266
4044.7	.0005232
4046.6	.000536
4048.5	.0005203
4050.5	.000412
4052.4	.0003195
4054.3	.0002515
4056.2	.0001101
4058.2	-.0000149
4060.1	-1.80E-07
4062	.000112
4064	.0002008
4065.9	.0001913
4067.8	.00011
4069.8	-.0000525
4071.7	-.0003285
4073.6	-.0005587
4075.5	-.0005699
4077.5	-.0004165
4079.4	-.000261
4081.3	-.0002405
4083.3	-.0003504
4085.2	-.000461
4087.1	-.0004894
4089	-.0004404
4091	-.0003939
4092.9	-.0004216
4094.8	-.0005882
4096.8	-.0007002
4098.7	-.000648
4100.6	-.0005694
4102.5	-.0005187
4104.5	-.000449
4106.4	-.0003934
4108.3	-.0003398
4110.3	-.0002995
4112.2	-.0003289
4114.1	-.000322
4116	-.0002405
4118	-.0002694
4119.9	-.0004191
4121.8	-.0004448
4123.8	-.0002682
4125.7	-.0000684
4127.6	.0000166
4129.5	-.0000541
4131.5	-.0002439
4133.4	-.000384
4135.3	-.000365
4137.3	-.0002395
4139.2	-.0001104
4141.1	-.0000234
4143	.0000756
4145	.0001781
4146.9	.0001702
4148.8	.0001183
4150.8	.000162
4152.7	.0001632
4154.6	.0000617
4156.6	.000019
4158.5	.0000416
4160.4	.0001332
4162.3	.0003093
4164.3	.0004006
4166.2	.0003152
4168.1	.0002096
4170.1	.000185
4172	.0001468
4173.9	.0001064
4175.8	.0001143
4177.8	.0001404
4179.7	.0002245
4181.6	.0003251
4183.6	.0003553
4185.5	.0003159
4187.4	.0002278
4189.3	.0001669
4191.3	.0001422
4193.2	.0000984
4195.1	.000125
4197.1	.0002772
4199	.0004407
4200.9	.0005043
4202.8	.0004481
4204.8	.000374
4206.7	.0003404
4208.6	.0002992
4210.6	.0003005
4212.5	.0003643
4214.4	.0004406
4216.3	.0005705
4218.3	.0006857
4220.2	.0006353
4222.1	.0004943
4224.1	.0003967
4226	.0003511
4227.9	.0003563
4229.8	.0003894
4231.8	.0004262
4233.7	.0004447
4235.6	.0004004
4237.6	.0003566
4239.5	.0003613
4241.4	.0003615
4243.3	.0003883
4245.3	.0004556
4247.2	.0004478
4249.1	.0003513
4251.1	.0002995
4253	.0003021
4254.9	.0002572
4256.8	.0002023
4258.8	.0002162
4260.7	.0002372
4262.6	.0002203
4264.6	.000243
4266.5	.0002886
4268.4	.000226
4270.4	.0001267
4272.3	.000132
4274.2	.0001419
4276.1	.0000709
4278.1	9.54E-06
4280	0
4281.9	-.0000102
4283.9	-7.74E-06
4285.8	.0000422
4287.7	.0000454
4289.6	-.0000441
4291.6	-.0001185
4293.5	-.0001359
4295.4	-.0001489
4297.4	-.0001359
4299.3	-.0000379
4301.2	.000064
4303.1	.0000593
4305.1	-.0000198
4307	-.0000975
4308.9	-.0001395
4310.9	-.0001281
4312.8	-.0000641
4314.7	.0000123
4316.6	.0000676
4318.6	.0000647
4320.5	-.0000262
4322.4	-.0001166
4324.4	-.0001234
4326.3	-.0000783
4328.2	-.0000366
4330.1	-.0000394
4332.1	-.0000315
4334	.0000407
4335.9	.000085
4337.9	.0000772
4339.8	.0000816
4341.7	.0000623
4343.6	.0000131
4345.6	-3.01E-06
4347.5	7.80E-06
4349.4	.0000209
4351.4	.0000285
4353.3	.0000142
4355.2	-.0000238
4357.1	-.0000594
4359.1	-.000042
4361	.0000144
4362.9	.0000332
4364.9	.0000299
4366.8	.0000631
4368.7	.0001199
4370.6	.0001757
4372.6	.0002278
4374.5	.0002626
4376.4	.0002599
4378.4	.0002321
4380.3	.0001947
4382.2	.0001575
4384.2	.0001674
4386.1	.000229
4388	.0002665
4389.9	.000215
4391.9	.0001058
4393.8	.0000774
4395.7	.00019
4397.7	.0002839
4399.6	.0002354
4401.5	.0001823
4403.4	.0002514
4405.4	.0003442
4407.3	.0003691
4409.2	.0003747
4411.2	.0003996
4413.1	.0004135
4415	.0004248
4416.9	.0004632
4418.9	.000475
4420.8	.0004525
4422.7	.0004656
4424.7	.0004523
4426.6	.0003336
4428.5	.0002056
4430.4	.000158
4432.4	.0001471
4434.3	.0001212
4436.2	.0001066
4438.2	.0000872
4440.1	.0000449
4442	-.0000533
4443.9	-.0001809
4445.9	-.0003144
4447.8	-.0004371
4449.7	-.0004787
4451.7	-.0004042
4453.6	-.0003008
4455.5	-.0002668
4457.4	-.0003239
4459.4	-.0003965
4461.3	-.0003588
4463.2	-.0001812
4465.2	.0000442
4467.1	.0002241
4469	.0003608
4470.9	.0005319
4472.9	.0008006
4474.8	.0011687
4476.7	.0015793
4478.7	.0019731
4480.6	.0023848
4482.5	.002905
4484.4	.0035217
4486.4	.0041621
4488.3	.0047977
4490.2	.0054503
4492.2	.0061957
4494.1	.007036
4496	.0079151
4498	.0088415
4499.9	.0097986
4501.8	.01076
4503.7	.011724
4505.7	.012643
4507.6	.013531
4509.5	.014437
4511.5	.015322
4513.4	.01614
4515.3	.016839
4517.2	.017342
4519.2	.017662
4521.1	.017938
4523	.018242
4525	.018439
4526.9	.01841
4528.8	.018281
4530.7	.018149
4532.7	.017898
4534.6	.017429
4536.5	.016841
4538.5	.01629
4540.4	.015734
4542.3	.015026
4544.2	.014171
4546.2	.013316
4548.1	.012558
4550	.011834
4552	.011065
4553.9	.010255
4555.8	.0094165
4557.7	.0085591
4559.7	.0076768
4561.6	.0067748
4563.5	.0059698
4565.5	.0053151
4567.4	.0047153
4569.3	.0041648
4571.2	.0037007
4573.2	.0032404
4575.1	.0026924
4577	.0021197
4579	.001685
4580.9	.0014175
4582.8	.0012159
4584.7	.0010321
4586.7	.0008835
4588.6	.0007386
4590.5	.0005189
4592.5	.0002635
4594.4	.0001125
4596.3	.0000996
4598.2	.000102
4600.2	.0000409
4602.1	7.41E-06
4604	.0000673
4606	.0001553
4607.9	.0002024
4609.8	.0001867
4611.8	.0001446
4613.7	.0000889
4615.6	.0000524
4617.5	.000075
4619.5	.0001257
4621.4	.0001512
4623.3	.0001625
4625.3	.0002179
4627.2	.000339
4629.1	.0004716
4631	.0005644
4633	.0005939
4634.9	.0006164
4636.8	.0007629
4638.8	.0009786
4640.7	.0010728
4642.6	.0010816
4644.5	.0011743
4646.5	.0013581
4648.4	.0015483
4650.3	.0016875
4652.3	.0017715
4654.2	.0018932
4656.1	.0021048
4658	.0023186
4660	.0024202
4661.9	.0024269
4663.8	.0025113
4665.8	.0027271
4667.7	.0029179
4669.6	.003023
4671.5	.0031706
4673.5	.0033745
4675.4	.0034942
4677.3	.0035484
4679.3	.0036471
4681.2	.003775
4683.1	.0038972
4685	.0040581
4687	.0042945
4688.9	.0045802
4690.8	.0048998
4692.8	.0051882
4694.7	.0053329
4696.6	.0053441
4698.5	.0053522
4700.5	.0054954
4702.4	.005778
4704.3	.0060438
4706.3	.0061861
4708.2	.0062922
4710.1	.0065208
4712	.006876
4714	.0071609
4715.9	.0072474
4717.8	.007302
4719.8	.0075078
4721.7	.0077905
4723.6	.0079993
4725.6	.0081303
4727.5	.0083074
4729.4	.0085682
4731.3	.0088407
4733.3	.0091394
4735.2	.0094819
4737.1	.0097452
4739.1	.0098825
4741	.010029
4742.9	.010251
4744.8	.01048
4746.8	.010687
4748.7	.010892
4750.6	.011115
4752.6	.011378
4754.5	.011635
4756.4	.011848
4758.3	.012068
4760.3	.012313
4762.2	.012542
4764.1	.012719
4766.1	.012889
4768	.013158
4769.9	.013499
4771.8	.013847
4773.8	.014196
4775.7	.014435
4777.6	.014538
4779.6	.014674
4781.5	.014936
4783.4	.015287
4785.3	.015634
4787.3	.01591
4789.2	.016168
4791.1	.016482
4793.1	.016823
4795	.01709
4796.9	.017277
4798.8	.017497
4800.8	.017746
4802.7	.017937
4804.6	.018125
4806.6	.018395
4808.5	.018734
4810.4	.019073
4812.3	.019314
4814.3	.019435
4816.2	.01955
4818.1	.019789
4820.1	.020131
4822	.020446
4823.9	.0207
4825.8	.020997
4827.8	.021368
4829.7	.021651
4831.6	.021752
4833.6	.021873
4835.5	.022144
4837.4	.022403
4839.4	.022596
4841.3	.022903
4843.2	.023349
4845.1	.023725
4847.1	.023947
4849	.024107
4850.9	.024243
4852.9	.024359
4854.8	.024544
4856.7	.024857
4858.6	.025205
4860.6	.025407
4862.5	.025455
4864.4	.025603
4866.4	.025957
4868.3	.026276
4870.2	.026423
4872.1	.026539
4874.1	.026731
4876	.027019
4877.9	.02734
4879.9	.027559
4881.8	.027717
4883.7	.027928
4885.6	.028137
4887.6	.028294
4889.5	.028453
4891.4	.028659
4893.4	.028924
4895.3	.029186
4897.2	.029356
4899.1	.029524
4901.1	.029854
4903	.03029
4904.9	.030635
4906.9	.030868
4908.8	.031098
4910.7	.031368
4912.6	.031628
4914.6	.031796
4916.5	.031884
4918.4	.032009
4920.4	.032279
4922.3	.032697
4924.2	.033143
4926.1	.033474
4928.1	.033585
4930	.033561
4931.9	.033645
4933.9	.033907
4935.8	.034235
4937.7	.034479
4939.6	.034607
4941.6	.034728
4943.5	.034849
4945.4	.034893
4947.4	.034919
4949.3	.035094
4951.2	.035406
4953.2	.035612
4955.1	.03567
4957	.035791
4958.9	.036
4960.9	.036164
4962.8	.036281
4964.7	.0364
4966.7	.036524
4968.6	.036714
4970.5	.036986
4972.4	.037242
4974.4	.037447
4976.3	.037729
4978.2	.038192
4980.2	.038709
4982.1	.039161
4984	.039724
4985.9	.040463
4987.9	.041212
4989.8	.041968
4991.7	.042854
4993.7	.04398
4995.6	.045353
4997.5	.046895
4999.4	.048672
5001.4	.050693
5003.3	.052741
5005.2	.054766
5007.2	.05693
5009.1	.059202
5011	.061358
5012.9	.06325
5014.9	.064696
5016.8	.065391
5018.7	.065231
5020.7	.064403
5022.6	.063088
5024.5	.061351
5026.4	.059303
5028.4	.057146
5030.3	.055067
5032.2	.053138
5034.2	.051305
5036.1	.049609
5038	.048175
5039.9	.046919
5041.9	.045717
5043.8	.044639
5045.7	.043734
5047.7	.042943
5049.6	.04227
5051.5	.041728
5053.4	.041242
5055.4	.040709
5057.3	.040063
5059.2	.039371
5061.2	.03879
5063.1	.038317
5065	.037814
5067	.037245
5068.9	.03669
5070.8	.036214
5072.7	.035805
5074.7	.035473
5076.6	.03526
5078.5	.035014
5080.5	.034616
5082.4	.034306
5084.3	.034181
5086.2	.033983
5088.2	.033667
5090.1	.033417
5092	.03327
5094	.033136
5095.9	.033041
5097.8	.033001
5099.7	.032854
5101.7	.032556
5103.6	.032259
5105.5	.032039
5107.5	.031885
5109.4	.031765
5111.3	.031641
5113.2	.031566
5115.2	.03155
5117.1	.031417
5119	.031085
5121	.030709
5122.9	.030468
5124.8	.030389
5126.7	.030286
5128.7	.029955
5130.6	.029487
5132.5	.029193
5134.5	.029181
5136.4	.029168
5138.3	.028924
5140.2	.028536
5142.2	.028124
5144.1	.027764
5146	.027481
5148	.027227
5149.9	.026955
5151.8	.026614
5153.7	.026181
5155.7	.025763
5157.6	.025435
5159.5	.025078
5161.5	.024639
5163.4	.02422
5165.3	.02384
5167.2	.023433
5169.2	.022956
5171.1	.022465
5173	.022012
5175	.021535
5176.9	.02099
5178.8	.020359
5180.8	.019746
5182.7	.019295
5184.6	.018894
5186.5	.018459
5188.5	.018108
5190.4	.017765
5192.3	.017301
5194.3	.016745
5196.2	.016081
5198.1	.015408
5200	.01491
5202	.014538
5203.9	.01408
5205.8	.01347
5207.8	.012911
5209.7	.012497
5211.6	.012078
5213.5	.011633
5215.5	.011225
5217.4	.010829
5219.3	.01041
5221.3	.0099707
5223.2	.0095092
5225.1	.0090503
5227	.0086401
5229	.008227
5230.9	.0077609
5232.8	.0073532
5234.8	.0070779
5236.7	.0067718
5238.6	.0063387
5240.5	.0059318
5242.5	.0056315
5244.4	.0054124
5246.3	.0052225
5248.3	.0049288
5250.2	.0045622
5252.1	.0042258
5254	.0038795
5256	.0035833
5257.9	.0034016
5259.8	.0032786
5261.8	.0031618
5263.7	.0029417
5265.6	.0025816
5267.5	.0022108
5269.5	.0019858
5271.4	.0019278
5273.3	.0018556
5275.3	.0016525
5277.2	.0013527
5279.1	.0010089
5281	.0006845
5283	.0004452
5284.9	.0003661
5286.8	.0004012
5288.8	.0003756
5290.7	.0002652
5292.6	.0001696
5294.6	.000086
5296.5	-4.53E-06
5298.4	-.0000808
5300.3	-.0001321
5302.3	-.0002278
5304.2	-.0001463
5306.1	.0001065
5308.1	.000191
5310	.0000264
5311.9	-.0001015
5313.8	-.0001391
5315.8	-.0001685
5317.7	-.0000394
5319.6	.0002409
5321.6	.0004459
5323.5	.0005487
5325.4	.000589
5327.3	.0005432
5329.3	.0005458
5331.2	.0006653
5333.1	.0007259
5335.1	.0006253
5337	.0003707
5338.9	.0000761
5340.8	5.12E-07
5342.8	.0000946
5344.7	.0000611
5346.6	-.0000583
5348.6	-.0000107
5350.5	.000127
5352.4	.0001176
5354.3	-.0000147
5356.3	-.0000973
5358.2	-.0000628
5360.1	.0000292
5362.1	.0000213
5364	-.0001042
5365.9	-.0002018
5367.8	-.0002087
5369.8	-.0002477
5371.7	-.0002798
5373.6	-.000193
5375.6	-.0000543
5377.5	.0000706
5379.4	.000188
5381.3	.0001959
5383.3	.0000864
5385.2	.0000446
5387.1	.0001938
5389.1	.0003935
5391	.0003875
5392.9	.0001719
5394.8	.0000356
5396.8	.0001767
5398.7	.0004147
5400.6	.0004901
5402.6	.0004201
5404.5	.0003789
5406.4	.000452
5408.4	.0005612
5410.3	.0005682
5412.2	.0003941
5414.1	.000202
5416.1	.0002311
5418	.0003597
5419.9	.0004427
5421.9	.0004915
5423.8	.0004881
5425.7	.0005109
5427.6	.0005398
5429.6	.0005591
5431.5	.0007076
5433.4	.0008213
5435.4	.0007169
5437.3	.0005904
5439.2	.0005914
5441.1	.00068
5443.1	.0007347
5445	.0006217
5446.9	.000433
5448.9	.0003491
5450.8	.0004456
5452.7	.0006747
5454.6	.0008208
5456.6	.0008075
5458.5	.0007818
5460.4	.0008134
5462.4	.0008812
5464.3	.0008983
5466.2	.0007755
5468.1	.0005993
5470.1	.0005248
5472	.0006159
5473.9	.0007877
5475.9	.0008211
5477.8	.00072
5479.7	.0006996
5481.6	.0007379
5483.6	.0007214
5485.5	.0006598
5487.4	.0006065
5489.4	.0005686
5491.3	.000455
5493.2	.0002736
5495.1	.000179
5497.1	.0001827
5499	.0002013
5500.9	.0002257
5502.9	.0002693
5504.8	.0003805
5506.7	.0005202
5508.6	.0005664
5510.6	.0005434
5512.5	.0004279
5514.4	.0002107
5516.4	.0001431
5518.3	.0002915
5520.2	.0004108
5522.2	.000422
5524.1	.0004133
5526	.0003883
5527.9	.0003042
5529.9	.0001666
5531.8	.0000689
5533.7	.0000771
5535.7	.0000896
5537.6	.000069
5539.5	.0000307
5541.4	-.000174
5543.4	-.0004096
5545.3	-.0003033
5547.2	-.0000784
5549.2	-.0001658
5551.1	-.0003966
5553	-.0005136
5554.9	-.0005558
5556.9	-.0005641
5558.8	-.0005773
5560.7	-.00063
5562.7	-.0006489
5564.6	-.0005932
5566.5	-.0006083
5568.4	-.000783
5570.4	-.0009392
5572.3	-.0009476
5574.2	-.0009198
5576.2	-.000517
5578.1	-.0000732
5580	.0003956
5581.9	.000794
5583.9	.0011426
5585.8	.0015265
5587.7	.0019551
5589.7	.0023006
5591.6	.0024981
5593.5	.0027046
5595.4	.0029988
5597.4	.0032986
5599.3	.0036592
5601.2	.0041883
5603.2	.0047032
5605.1	.0049375
5607	.0050785
5608.9	.005502
5610.9	.0060793
5612.8	.0065159
5614.7	.0069163
5616.7	.0073773
5618.6	.0077485
5620.5	.0079987
5622.4	.0082779
5624.4	.0086157
5626.3	.0089449
5628.2	.0093763
5630.2	.0099535
5632.1	.010471
5634	.01083
5636	.011073
5637.9	.01125
5639.8	.011433
5641.7	.011737
5643.7	.012251
5645.6	.012911
5647.5	.013539
5649.5	.013971
5651.4	.01411
5653.3	.014148
5655.2	.014468
5657.2	.015072
5659.1	.015548
5661	.015677
5663	.015767
5664.9	.016158
5666.8	.016688
5668.7	.017122
5670.7	.01755
5672.6	.018016
5674.5	.018436
5676.5	.018795
5678.4	.019065
5680.3	.019235
5682.2	.019418
5684.2	.019676
5686.1	.020018
5688	.02046
5690	.020843
5691.9	.021084
5693.8	.02146
5695.7	.022091
5697.7	.022642
5699.6	.022942
5701.5	.023241
5703.5	.02367
5705.4	.024084
5707.3	.024401
5709.2	.024632
5711.2	.024807
5713.1	.025038
5715	.025442
5717	.025977
5718.9	.026463
5720.8	.02672
5722.7	.026873
5724.7	.027221
5726.6	.027664
5728.5	.02799
5730.5	.028367
5732.4	.028909
5734.3	.029385
5736.2	.02969
5738.2	.029983
5740.1	.030356
5742	.030819
5744	.031333
5745.9	.03172
5747.8	.031878
5749.8	.031989
5751.7	.032336
5753.6	.032935
5755.5	.033523
5757.5	.033953
5759.4	.034251
5761.3	.034515
5763.3	.03479
5765.2	.035065
5767.1	.035417
5769	.035815
5771	.03616
5772.9	.036467
5774.8	.036731
5776.8	.037056
5778.7	.037561
5780.6	.038086
5782.5	.038461
5784.5	.03876
5786.4	.039116
5788.3	.03952
5790.3	.039896
5792.2	.040238
5794.1	.040559
5796	.040805
5798	.040987
5799.9	.041308
5801.8	.041812
5803.8	.042246
5805.7	.042598
5807.6	.04297
5809.5	.043191
5811.5	.043332
5813.4	.043674
5815.3	.044101
5817.3	.044392
5819.2	.044643
5821.1	.044987
5823	.045349
5825	.045687
5826.9	.046097
5828.8	.046501
5830.8	.046784
5832.7	.047104
5834.6	.047579
5836.5	.048087
5838.5	.0485
5840.4	.048794
5842.3	.049088
5844.3	.049458
5846.2	.049809
5848.1	.050076
5850	.050302
5852	.050542
5853.9	.050811
5855.8	.051197
5857.8	.051729
5859.7	.052149
5861.6	.052374
5863.6	.052656
5865.5	.053045
5867.4	.053387
5869.3	.053707
5871.3	.054078
5873.2	.054444
5875.1	.054824
5877.1	.055224
5879	.055531
5880.9	.055758
5882.8	.05597
5884.8	.056258
5886.7	.056836
5888.6	.057613
5890.6	.058104
5892.5	.058105
5894.4	.057972
5896.3	.05817
5898.3	.058742
5900.2	.059318
5902.1	.059577
5904.1	.059597
5906	.059695
5907.9	.060003
5909.8	.060369
5911.8	.06067
5913.7	.060966
5915.6	.06131
5917.6	.061612
5919.5	.061854
5921.4	.06222
5923.3	.062683
5925.3	.062977
5927.2	.063153
5929.1	.06338
5931.1	.063569
5933	.063752
5934.9	.064074
5936.8	.06446
5938.8	.064919
5940.7	.065436
5942.6	.065752
5944.6	.065942
5946.5	.066235
5948.4	.066518
5950.3	.066729
5952.3	.066993
5954.2	.067374
5956.1	.067772
5958.1	.068002
5960	.068059
5961.9	.068178
5963.8	.068535
5965.8	.069007
5967.7	.069401
5969.6	.069687
5971.6	.069961
5973.5	.070347
5975.4	.070768
5977.4	.071051
5979.3	.071169
5981.2	.071182
5983.1	.071224
5985.1	.071457
5987	.071809
5988.9	.07211
5990.9	.072375
5992.8	.072656
5994.7	.072917
5996.6	.073155
5998.6	.07345
6000.5	.073791
6002.4	.074087
6004.4	.074447
6006.3	.074919
6008.2	.075275
6010.1	.075403
6012.1	.075436
6014	.075538
6015.9	.075742
6017.9	.075989
6019.8	.076264
6021.7	.076518
6023.6	.076695
6025.6	.076831
6027.5	.077036
6029.4	.077396
6031.4	.07779
6033.3	.078071
6035.2	.078294
6037.1	.078434
6039.1	.078527
6041	.078758
6042.9	.079061
6044.9	.07928
6046.8	.079449
6048.7	.0796
6050.6	.079731
6052.6	.079896
6054.5	.080197
6056.4	.080584
6058.4	.080879
6060.3	.081143
6062.2	.081487
6064.1	.08181
6066.1	.082066
6068	.082228
6069.9	.082303
6071.9	.08242
6073.8	.082547
6075.7	.082639
6077.6	.08287
6079.6	.083228
6081.5	.083474
6083.4	.083565
6085.4	.083595
6087.3	.083698
6089.2	.084019
6091.2	.08443
6093.1	.084593
6095	.084535
6096.9	.084663
6098.9	.084994
6100.8	.085186
6102.7	.085269
6104.7	.085413
6106.6	.085588
6108.5	.0858
6110.4	.08605
6112.4	.086239
6114.3	.086383
6116.2	.086641
6118.2	.086951
6120.1	.087103
6122	.087126
6123.9	.087147
6125.9	.087245
6127.8	.087548
6129.7	.087904
6131.7	.088026
6133.6	.088016
6135.5	.088022
6137.4	.08807
6139.4	.088284
6141.3	.088552
6143.2	.08859
6145.2	.088396
6147.1	.088319
6149	.088701
6150.9	.089308
6152.9	.089548
6154.8	.08941
6156.7	.089395
6158.7	.089566
6160.6	.089701
6162.5	.089885
6164.4	.090121
6166.4	.090268
6168.3	.090326
6170.2	.090375
6172.2	.090599
6174.1	.09094
6176	.091046
6177.9	.090971
6179.9	.091025
6181.8	.091146
6183.7	.091152
6185.7	.09114
6187.6	.091217
6189.5	.091304
6191.4	.091432
6193.4	.091654
6195.3	.091835
6197.2	.091879
6199.2	.09179
6201.1	.091627
6203	.091584
6205	.091755
6206.9	.092049
6208.8	.092347
6210.7	.092601
6212.7	.09283
6214.6	.092963
6216.5	.093037
6218.5	.093261
6220.4	.093483
6222.3	.093419
6224.2	.093212
6226.2	.093112
6228.1	.093087
6230	.093046
6232	.093062
6233.9	.093215
6235.8	.093525
6237.7	.093912
6239.7	.094146
6241.6	.094261
6243.5	.094444
6245.5	.094556
6247.4	.094496
6249.3	.094384
6251.2	.094311
6253.2	.094358
6255.1	.094601
6257	.094935
6259	.095137
6260.9	.095248
6262.8	.095373
6264.7	.095322
6266.7	.095126
6268.6	.095136
6270.5	.095367
6272.5	.095625
6274.4	.095903
6276.3	.096097
6278.2	.096056
6280.2	.095924
6282.1	.095896
6284	.095959
6286	.096038
6287.9	.096174
6289.8	.096317
6291.7	.096348
6293.7	.096388
6295.6	.096539
6297.5	.096731
6299.5	.096915
6301.4	.097018
6303.3	.097031
6305.2	.097085
6307.2	.097204
6309.1	.09734
6311	.097548
6313	.097758
6314.9	.097773
6316.8	.097722
6318.8	.097877
6320.7	.098108
6322.6	.09814
6324.5	.098028
6326.5	.097985
6328.4	.098095
6330.3	.09823
6332.3	.09824
6334.2	.098248
6336.1	.098362
6338	.098452
6340	.098545
6341.9	.098656
6343.8	.098636
6345.8	.098602
6347.7	.098711
6349.6	.09888
6351.5	.099036
6353.5	.099241
6355.4	.099562
6357.3	.09978
6359.3	.099651
6361.2	.099374
6363.1	.099267
6365	.099421
6367	.09977
6368.9	.10006
6370.8	.10007
6372.8	.099943
6374.7	.099817
6376.6	.099623
6378.5	.099492
6380.5	.099663
6382.4	.10001
6384.3	.10025
6386.3	.1003
6388.2	.10025
6390.1	.10029
6392	.10031
6394	.10012
6395.9	.099948
6397.8	.099863
6399.8	.099818
6401.7	.099944
6403.6	.10008
6405.5	.10001
6407.5	.099958
6409.4	.10019
6411.3	.10055
6413.3	.10077
6415.2	.10081
6417.1	.10076
6419	.10081
6421	.10095
6422.9	.10097
6424.8	.10079
6426.8	.10059
6428.7	.10062
6430.6	.10083
6432.6	.10095
6434.5	.10087
6436.4	.10075
6438.3	.10074
6440.3	.10081
6442.2	.10076
6444.1	.10066
6446.1	.10072
6448	.10078
6449.9	.1007
6451.8	.10059
6453.8	.10058
6455.7	.10058
6457.6	.10051
6459.6	.10051
6461.5	.10057
6463.4	.10061
6465.3	.10062
6467.3	.10066
6469.2	.10079
6471.1	.10096
6473.1	.10107
6475	.1011
6476.9	.10109
6478.8	.10099
6480.8	.10085
6482.7	.10081
6484.6	.10086
6486.6	.10089
6488.5	.10089
6490.4	.10099
6492.3	.10115
6494.3	.10123
6496.2	.10115
6498.1	.1009
6500.1	.10079
6502	.10093
6503.9	.10114
6505.8	.10131
6507.8	.10132
6509.7	.10116
6511.6	.10092
6513.6	.10078
6515.5	.10082
6517.4	.10093
6519.3	.10096
6521.3	.10098
6523.2	.10112
6525.1	.10117
6527.1	.10094
6529	.10078
6530.9	.10089
6532.8	.10105
6534.8	.10102
6536.7	.10092
6538.6	.1009
6540.6	.10096
6542.5	.10095
6544.4	.10088
6546.4	.10089
6548.3	.10088
6550.2	.1007
6552.1	.10054
6554.1	.10056
6556	.10064
6557.9	.10071
6559.9	.10075
6561.8	.10069
6563.7	.10053
6565.6	.10036
6567.6	.10026
6569.5	.10018
6571.4	.10001
6573.4	.099847
6575.3	.099849
6577.2	.10008
6579.1	.10031
6581.1	.1003
6583	.099988
6584.9	.099372
6586.9	.098614
6588.8	.098098
6590.7	.098027
6592.6	.098117
6594.6	.097957
6596.5	.097487
6598.4	.096996
6600.4	.096741
6602.3	.096538
6604.2	.096116
6606.1	.095611
6608.1	.095214
6610	.094865
6611.9	.094576
6613.9	.094599
6615.8	.09481
6617.7	.094687
6619.6	.094255
6621.6	.093957
6623.5	.09368
6625.4	.093057
6627.4	.09243
6629.3	.092383
6631.2	.092563
6633.1	.09237
6635.1	.092137
6637	.092159
6638.9	.092052
6640.9	.091605
6642.8	.09101
6644.7	.090627
6646.6	.090536
6648.6	.090421
6650.5	.090232
6652.4	.090118
6654.4	.089954
6656.3	.089484
6658.2	.088782
6660.2	.08833
6662.1	.088297
6664	.088307
6665.9	.0881
6667.9	.087746
6669.8	.087358
6671.7	.087031
6673.7	.086751
6675.6	.086384
6677.5	.08594
6679.4	.085582
6681.4	.085298
6683.3	.084841
6685.2	.084318
6687.2	.084136
6689.1	.083995
6691	.083432
6692.9	.082838
6694.9	.082614
6696.8	.082566
6698.7	.082512
6700.7	.082409
6702.6	.082127
6704.5	.081672
6706.4	.081133
6708.4	.080639
6710.3	.080429
6712.2	.080335
6714.2	.079965
6716.1	.07942
6718	.078954
6719.9	.078461
6721.9	.077903
6723.8	.077593
6725.7	.077477
6727.7	.077263
6729.6	.076983
6731.5	.076545
6733.4	.075907
6735.4	.075308
6737.3	.074844
6739.2	.074515
6741.2	.074209
6743.1	.073816
6745	.073595
6746.9	.073588
6748.9	.073333
6750.8	.072736
6752.7	.07212
6754.7	.07163
6756.6	.071107
6758.5	.070318
6760.4	.069545
6762.4	.069192
6764.3	.068916
6766.2	.068484
6768.2	.068184
6770.1	.067879
6772	.06735
6774	.066779
6775.9	.066231
6777.8	.065653
6779.7	.065112
6781.7	.06468
6783.6	.064354
6785.5	.063996
6787.5	.063474
6789.4	.062865
6791.3	.062431
6793.2	.062214
6795.2	.061865
6797.1	.061131
6799	.06034
6801	.059896
6802.9	.059645
6804.8	.059362
6806.7	.059047
6808.7	.058613
6810.6	.058081
6812.5	.057525
6814.5	.056863
6816.4	.056156
6818.3	.055584
6820.2	.055152
6822.2	.054829
6824.1	.054594
6826	.054321
6828	.053765
6829.9	.052827
6831.8	.051871
6833.7	.051231
6835.7	.050901
6837.6	.050701
6839.5	.05022
6841.5	.049486
6843.4	.048957
6845.3	.048537
6847.2	.047942
6849.2	.047242
6851.1	.046598
6853	.04608
6855	.045525
6856.9	.044798
6858.8	.044179
6860.7	.043808
6862.7	.043342
6864.6	.042548
6866.5	.041642
6868.5	.041041
6870.4	.040869
6872.3	.040857
6874.2	.040654
6876.2	.04011
6878.1	.039431
6880	.038794
6882	.038228
6883.9	.037785
6885.8	.03717
6887.8	.036279
6889.7	.035543
6891.6	.034995
6893.5	.034514
6895.5	.03415
6897.4	.03359
6899.3	.032663
6901.3	.031698
6903.2	.030948
6905.1	.030423
6907	.030117
6909	.02996
6910.9	.029618
6912.8	.028865
6914.8	.027865
6916.7	.026825
6918.6	.025928
6920.5	.025427
6922.5	.025242
6924.4	.024895
6926.3	.02424
6928.3	.023536
6930.2	.022913
6932.1	.022375
6934	.021957
6936	.02164
6937.9	.021284
6939.8	.02076
6941.8	.02011
6943.7	.01953
6945.6	.019042
6947.5	.018459
6949.5	.017917
6951.4	.017395
6953.3	.01641
6955.3	.015214
6957.2	.014571
6959.1	.01438
6961	.013955
6963	.013007
6964.9	.01196
6966.8	.011376
6968.8	.010999
6970.7	.01038
6972.6	.0096888
6974.5	.00894
6976.5	.0080635
6978.4	.0072936
6980.3	.0067206
6982.3	.0063123
6984.2	.0059049
6986.1	.0052001
6988	.0043228
6990	.0036439
6991.9	.0031085
6993.8	.0024292
6995.8	.0014699
6997.7	.0004939
6999.6	0
