# Mid-IR absorbance spectrum of Water + Methylamine (unknown dilution) at T = 16K
#by M. H. Moore et al. at NASA's Goddard Space Flight Center

#frequency range: 4000-400cm^-1
#resolution: 4cm^-1

freq    absorbance
#------  ----------
399.24	.16968
400.2	.17052
401.17	.17362
402.13	.17782
403.09	.18144
404.06	.18283
405.02	.1816
405.99	.17924
406.95	.17782
407.92	.178
408.88	.17857
409.84	.17817
410.81	.17709
411.77	.17712
412.74	.17934
413.7	.1827
414.67	.18494
415.63	.18479
416.59	.18296
417.56	.18116
418.52	.18052
419.49	.181
420.45	.18191
421.42	.18269
422.38	.18319
423.35	.18337
424.31	.18331
425.27	.18321
426.24	.18329
427.2	.18352
428.17	.1836
429.13	.18327
430.1	.18262
431.06	.18211
432.02	.18201
432.99	.18224
433.95	.1824
434.92	.18229
435.88	.18201
436.85	.18172
437.81	.18139
438.77	.18074
439.74	.17955
440.7	.17811
441.67	.17718
442.63	.17739
443.6	.17843
444.56	.17908
445.53	.17831
446.49	.17639
447.45	.17454
448.42	.17355
449.38	.17301
450.35	.17215
451.31	.17097
452.28	.17006
453.24	.16949
454.2	.1686
455.17	.16688
456.13	.16478
457.1	.16326
458.06	.16277
459.03	.16306
459.99	.16378
460.95	.16477
461.92	.16572
462.88	.16594
463.85	.16482
464.81	.1624
465.78	.15945
466.74	.15685
467.71	.15503
468.67	.15388
469.63	.15301
470.6	.15212
471.56	.15123
472.53	.1504
473.49	.14965
474.46	.14903
475.42	.14888
476.38	.14959
477.35	.15092
478.31	.15161
479.28	.15033
480.24	.14696
481.21	.14293
482.17	.14006
483.13	.13906
484.1	.1392
485.06	.13918
486.03	.13834
486.99	.13704
487.96	.13605
488.92	.13575
489.89	.1358
490.85	.13562
491.81	.13493
492.78	.13394
493.74	.13296
494.71	.13214
495.67	.13148
496.64	.131
497.6	.13072
498.56	.13051
499.53	.13021
500.49	.12974
501.46	.1292
502.42	.1287
503.39	.12825
504.35	.12777
505.32	.12735
506.28	.12718
507.24	.12739
508.21	.12764
509.17	.12741
510.14	.12645
511.1	.12511
512.07	.1239
513.03	.12295
513.99	.12212
514.96	.12159
515.92	.12195
516.89	.12349
517.85	.12546
518.82	.1266
519.78	.12616
520.75	.12449
521.71	.12266
522.67	.12177
523.64	.1222
524.6	.12334
525.57	.12404
526.53	.12397
527.5	.12444
528.46	.12706
529.42	.13119
530.39	.13369
531.35	.13197
532.32	.12716
533.28	.12329
534.25	.12306
535.21	.12562
536.17	.1284
537.14	.13009
538.1	.13108
539.07	.13173
540.03	.13168
541	.13098
541.96	.13078
542.93	.13226
543.89	.13523
544.85	.13831
545.82	.14013
546.78	.14026
547.75	.13924
548.71	.13805
549.68	.1376
550.64	.13819
551.6	.13945
552.57	.14095
553.53	.14252
554.5	.144
555.46	.14495
556.43	.14514
557.39	.14478
558.35	.14394
559.32	.14227
560.28	.14062
561.25	.1423
562.21	.15074
563.18	.16461
564.14	.17596
565.11	.17616
566.07	.16561
567.03	.15402
568	.14995
568.96	.15357
569.93	.15904
570.89	.1615
571.86	.16111
572.82	.16068
573.78	.16151
574.75	.16275
575.71	.16368
576.68	.16487
577.64	.16699
578.61	.1693
579.57	.17022
580.53	.16909
581.5	.16696
582.46	.16564
583.43	.16614
584.39	.1682
585.36	.17103
586.32	.17411
587.29	.17721
588.25	.1799
589.21	.18164
590.18	.18241
591.14	.18285
592.11	.18372
593.07	.18525
594.04	.18708
595	.18871
595.96	.18984
596.93	.1905
597.89	.19114
598.86	.19239
599.82	.19449
600.79	.19686
601.75	.19857
602.71	.19933
603.68	.19972
604.64	.20045
605.61	.20169
606.57	.20327
607.54	.20517
608.5	.20734
609.47	.20928
610.43	.21042
611.39	.21098
612.36	.21178
613.32	.21333
614.29	.21552
615.25	.2183
616.22	.22186
617.18	.22573
618.14	.22848
619.11	.22908
620.07	.22822
621.04	.22765
622	.22834
622.97	.2296
623.93	.23039
624.9	.23083
625.86	.23206
626.82	.23451
627.79	.23726
628.75	.23919
629.72	.24024
630.68	.24121
631.65	.24273
632.61	.24477
633.57	.24703
634.54	.24928
635.5	.25112
636.47	.25216
637.43	.25248
638.4	.25275
639.36	.2535
640.32	.25464
641.29	.25575
642.25	.25676
643.22	.25784
644.18	.25899
645.15	.26002
646.11	.26097
647.08	.26208
648.04	.26334
649	.2645
649.97	.26549
650.93	.26662
651.9	.26814
652.86	.26985
653.83	.27137
654.79	.27256
655.75	.2735
656.72	.27438
657.68	.27555
658.65	.27724
659.61	.27904
660.58	.2802
661.54	.28079
662.5	.28196
663.47	.284
664.43	.28448
665.4	.28004
666.36	.27049
667.33	.26163
668.29	.26166
669.26	.27121
670.22	.28271
671.18	.28996
672.15	.29241
673.11	.29287
674.08	.2937
675.04	.29507
676.01	.29625
676.97	.29718
677.93	.29823
678.9	.29939
679.86	.3004
680.83	.3013
681.79	.30236
682.76	.30364
683.72	.30493
684.68	.30615
685.65	.30742
686.61	.30885
687.58	.31037
688.54	.31187
689.51	.3133
690.47	.31463
691.44	.31581
692.4	.3169
693.36	.3181
694.33	.31951
695.29	.32107
696.26	.32261
697.22	.32408
698.19	.32552
699.15	.32694
700.11	.32823
701.08	.32932
702.04	.33032
703.01	.33146
703.97	.33288
704.94	.33444
705.9	.3359
706.86	.33711
707.83	.33819
708.79	.33932
709.76	.34056
710.72	.34181
711.69	.34299
712.65	.34415
713.62	.34536
714.58	.34664
715.54	.34795
716.51	.34916
717.47	.35016
718.44	.35098
719.4	.35181
720.37	.35292
721.33	.35434
722.29	.35584
723.26	.35715
724.22	.35825
725.19	.35931
726.15	.36039
727.12	.36141
728.08	.3623
729.05	.36314
730.01	.36409
730.97	.36518
731.94	.3663
732.9	.3674
733.87	.36853
734.83	.36973
735.8	.37091
736.76	.37189
737.72	.37262
738.69	.37322
739.65	.37389
740.62	.37475
741.58	.37571
742.55	.37665
743.51	.37744
744.47	.37812
745.44	.37876
746.4	.37944
747.37	.38018
748.33	.38092
749.3	.38164
750.26	.38233
751.23	.38302
752.19	.38373
753.15	.38443
754.12	.38505
755.08	.38557
756.05	.38601
757.01	.38647
757.98	.387
758.94	.38757
759.9	.38807
760.87	.3885
761.83	.38888
762.8	.38928
763.76	.38972
764.73	.39015
765.69	.39053
766.65	.39091
767.62	.39134
768.58	.39182
769.55	.39224
770.51	.39247
771.48	.39248
772.44	.39242
773.41	.39246
774.37	.39268
775.33	.39296
776.3	.39316
777.26	.39323
778.23	.39324
779.19	.39323
780.16	.39323
781.12	.39321
782.08	.39316
783.05	.39311
784.01	.39307
784.98	.39299
785.94	.39283
786.91	.39261
787.87	.39241
788.83	.39228
789.8	.39218
790.76	.39207
791.73	.39188
792.69	.39165
793.66	.39142
794.62	.39119
795.59	.39091
796.55	.39054
797.51	.39011
798.48	.38968
799.44	.38925
800.41	.38881
801.37	.38834
802.34	.38785
803.3	.3874
804.26	.38696
805.23	.38647
806.19	.38589
807.16	.38527
808.12	.38469
809.09	.38412
810.05	.3835
811.01	.38279
811.98	.38203
812.94	.38126
813.91	.3805
814.87	.3797
815.84	.37888
816.8	.37807
817.77	.37727
818.73	.37645
819.69	.37553
820.66	.3745
821.62	.37342
822.59	.37241
823.55	.37151
824.52	.37068
825.48	.36978
826.44	.36875
827.41	.36762
828.37	.36647
829.34	.36532
830.3	.36413
831.27	.3629
832.23	.36166
833.19	.36042
834.16	.35915
835.12	.35781
836.09	.35643
837.05	.35507
838.02	.35375
838.98	.35237
839.95	.35087
840.91	.34934
841.87	.34793
842.84	.34668
843.8	.34552
844.77	.34429
845.73	.34298
846.7	.34161
847.66	.34023
848.62	.33885
849.59	.33745
850.55	.33605
851.52	.33463
852.48	.33319
853.45	.33175
854.41	.33037
855.38	.32903
856.34	.32765
857.3	.32618
858.27	.32471
859.23	.32333
860.2	.32207
861.16	.3208
862.13	.31947
863.09	.31812
864.05	.31683
865.02	.31563
865.98	.31447
866.95	.3133
867.91	.31212
868.88	.31094
869.84	.30978
870.8	.30866
871.77	.30764
872.73	.30671
873.7	.3058
874.66	.30488
875.63	.30398
876.59	.30316
877.56	.30241
878.52	.3017
879.48	.30099
880.45	.3003
881.41	.29968
882.38	.29916
883.34	.2987
884.31	.29825
885.27	.29781
886.23	.29739
887.2	.297
888.16	.29659
889.13	.29611
890.09	.29556
891.06	.29497
892.02	.2944
892.98	.29386
893.95	.29336
894.91	.29289
895.88	.29246
896.84	.29206
897.81	.29165
898.77	.29124
899.74	.29084
900.7	.29043
901.66	.28999
902.63	.28953
903.59	.28907
904.56	.28863
905.52	.28819
906.49	.28767
907.45	.28708
908.41	.28651
909.38	.28601
910.34	.28556
911.31	.28509
912.27	.28459
913.24	.28409
914.2	.28367
915.16	.28335
916.13	.28306
917.09	.28275
918.06	.28237
919.02	.28193
919.99	.28144
920.95	.28093
921.92	.28041
922.88	.27988
923.84	.27928
924.81	.2786
925.77	.27785
926.74	.27713
927.7	.27646
928.67	.2758
929.63	.27507
930.59	.27426
931.56	.2734
932.52	.27253
933.49	.27166
934.45	.27075
935.42	.26976
936.38	.2687
937.34	.26756
938.31	.26637
939.27	.2651
940.24	.26375
941.2	.26232
942.17	.26086
943.13	.25939
944.1	.25785
945.06	.25622
946.02	.25445
946.99	.2526
947.95	.25067
948.92	.2487
949.88	.24666
950.85	.24455
951.81	.24239
952.77	.24016
953.74	.23787
954.7	.23552
955.67	.23313
956.63	.2307
957.6	.22819
958.56	.2256
959.52	.22295
960.49	.22027
961.45	.21759
962.42	.21489
963.38	.21217
964.35	.20941
965.31	.20661
966.28	.20375
967.24	.20084
968.2	.19791
969.17	.19498
970.13	.19204
971.1	.18903
972.06	.18595
973.03	.18285
973.99	.17981
974.95	.17684
975.92	.17391
976.88	.17094
977.85	.16794
978.81	.16498
979.78	.16215
980.74	.15949
981.71	.15698
982.67	.1546
983.63	.15233
984.6	.15018
985.56	.14812
986.53	.14614
987.49	.14425
988.46	.14249
989.42	.14087
990.38	.13936
991.35	.13792
992.31	.13654
993.28	.13529
994.24	.13415
995.21	.13305
996.17	.13186
997.13	.13053
998.1	.12913
999.06	.12773
1000	.12632
1000.9	.12489
1001.9	.1234
1002.9	.12187
1003.8	.12032
1004.8	.11875
1005.8	.11716
1006.7	.11557
1007.7	.11399
1008.7	.11242
1009.6	.11084
1010.6	.10925
1011.6	.10767
1012.5	.10614
1013.5	.1047
1014.4	.10334
1015.4	.10204
1016.4	.10081
1017.3	.099655
1018.3	.098599
1019.3	.097664
1020.2	.096861
1021.2	.096213
1022.2	.095752
1023.1	.095525
1024.1	.095565
1025.1	.095883
1026	.096468
1027	.097321
1027.9	.098453
1028.9	.099875
1029.9	.10155
1030.8	.10342
1031.8	.10541
1032.8	.10747
1033.7	.10955
1034.7	.11161
1035.7	.11356
1036.6	.11531
1037.6	.11676
1038.6	.11782
1039.5	.11842
1040.5	.11851
1041.5	.11809
1042.4	.11715
1043.4	.11575
1044.3	.11399
1045.3	.11205
1046.3	.11012
1047.2	.10837
1048.2	.10694
1049.2	.10592
1050.1	.10536
1051.1	.10525
1052.1	.10557
1053	.10628
1054	.10737
1055	.10875
1055.9	.11038
1056.9	.11222
1057.8	.11428
1058.8	.11652
1059.8	.11888
1060.7	.12132
1061.7	.12384
1062.7	.12644
1063.6	.12914
1064.6	.13192
1065.6	.1348
1066.5	.13779
1067.5	.1409
1068.5	.14407
1069.4	.1473
1070.4	.15057
1071.3	.1539
1072.3	.15725
1073.3	.16062
1074.2	.16404
1075.2	.16749
1076.2	.17095
1077.1	.17431
1078.1	.17757
1079.1	.18079
1080	.18403
1081	.18728
1082	.19047
1082.9	.19359
1083.9	.19668
1084.8	.19976
1085.8	.20279
1086.8	.20571
1087.7	.20852
1088.7	.21124
1089.7	.21387
1090.6	.21638
1091.6	.21876
1092.6	.22104
1093.5	.22324
1094.5	.22536
1095.5	.22732
1096.4	.22906
1097.4	.23058
1098.3	.23193
1099.3	.23314
1100.3	.2342
1101.2	.23506
1102.2	.23572
1103.2	.23618
1104.1	.2365
1105.1	.23668
1106.1	.23672
1107	.23661
1108	.23637
1109	.23593
1109.9	.23528
1110.9	.23441
1111.8	.23339
1112.8	.23227
1113.8	.23104
1114.7	.22968
1115.7	.22816
1116.7	.2265
1117.6	.22476
1118.6	.22293
1119.6	.22101
1120.5	.21899
1121.5	.21687
1122.5	.21463
1123.4	.21227
1124.4	.20981
1125.3	.2073
1126.3	.20474
1127.3	.20209
1128.2	.19936
1129.2	.19663
1130.2	.19395
1131.1	.1913
1132.1	.18863
1133.1	.18593
1134	.18325
1135	.18061
1136	.178
1136.9	.17536
1137.9	.17267
1138.9	.16997
1139.8	.1673
1140.8	.16465
1141.7	.16198
1142.7	.15928
1143.7	.15658
1144.6	.15394
1145.6	.15139
1146.6	.14899
1147.5	.14674
1148.5	.14466
1149.5	.14275
1150.4	.141
1151.4	.13941
1152.4	.13799
1153.3	.13671
1154.3	.13555
1155.2	.13448
1156.2	.13349
1157.2	.1326
1158.1	.13179
1159.1	.13105
1160.1	.13034
1161	.12964
1162	.12894
1163	.12825
1163.9	.1276
1164.9	.12695
1165.9	.12626
1166.8	.12547
1167.8	.12455
1168.7	.12352
1169.7	.12238
1170.7	.12117
1171.6	.11983
1172.6	.11836
1173.6	.11675
1174.5	.11502
1175.5	.11322
1176.5	.11136
1177.4	.10946
1178.4	.10752
1179.4	.10554
1180.3	.10354
1181.3	.10152
1182.2	.099489
1183.2	.097468
1184.2	.095473
1185.1	.093515
1186.1	.091603
1187.1	.089744
1188	.087944
1189	.086214
1190	.084568
1190.9	.08302
1191.9	.081583
1192.9	.080262
1193.8	.079049
1194.8	.077923
1195.7	.076852
1196.7	.07581
1197.7	.0748
1198.6	.073855
1199.6	.073025
1200.6	.072342
1201.5	.071807
1202.5	.071409
1203.5	.071127
1204.4	.070934
1205.4	.070785
1206.4	.07064
1207.3	.070463
1208.3	.070229
1209.2	.06991
1210.2	.06949
1211.2	.068987
1212.1	.068461
1213.1	.067967
1214.1	.067544
1215	.067196
1216	.066923
1217	.066725
1217.9	.066587
1218.9	.066486
1219.9	.0664
1220.8	.06633
1221.8	.066292
1222.7	.06629
1223.7	.066313
1224.7	.066354
1225.6	.066404
1226.6	.066469
1227.6	.066543
1228.5	.066632
1229.5	.066739
1230.5	.066863
1231.4	.066994
1232.4	.067117
1233.4	.06723
1234.3	.067339
1235.3	.067447
1236.2	.067552
1237.2	.067641
1238.2	.067705
1239.1	.067744
1240.1	.067767
1241.1	.067793
1242	.067841
1243	.067919
1244	.068022
1244.9	.068129
1245.9	.06821
1246.9	.068237
1247.8	.068195
1248.8	.068106
1249.8	.068022
1250.7	.067984
1251.7	.067992
1252.6	.068004
1253.6	.067993
1254.6	.067971
1255.5	.067979
1256.5	.068027
1257.5	.068095
1258.4	.068159
1259.4	.068221
1260.4	.068301
1261.3	.068413
1262.3	.068557
1263.3	.068713
1264.2	.068859
1265.2	.068986
1266.1	.069093
1267.1	.069188
1268.1	.069268
1269	.069324
1270	.069348
1271	.06936
1271.9	.069388
1272.9	.069458
1273.9	.06957
1274.8	.069694
1275.8	.069809
1276.8	.069912
1277.7	.070029
1278.7	.070185
1279.6	.070386
1280.6	.070609
1281.6	.070825
1282.5	.071006
1283.5	.071136
1284.5	.071219
1285.4	.071273
1286.4	.071336
1287.4	.07143
1288.3	.07155
1289.3	.071663
1290.3	.071729
1291.2	.071744
1292.2	.071734
1293.1	.071745
1294.1	.071803
1295.1	.0719
1296	.072008
1297	.072104
1298	.072192
1298.9	.07229
1299.9	.072415
1300.9	.072561
1301.8	.072713
1302.8	.072864
1303.8	.073018
1304.7	.073184
1305.7	.073354
1306.6	.07352
1307.6	.07369
1308.6	.073888
1309.5	.074137
1310.5	.074424
1311.5	.074721
1312.4	.075002
1313.4	.075273
1314.4	.075543
1315.3	.075812
1316.3	.076086
1317.3	.076387
1318.2	.076772
1319.2	.077275
1320.1	.07787
1321.1	.078489
1322.1	.079062
1323	.079561
1324	.079988
1325	.080356
1325.9	.080664
1326.9	.080924
1327.9	.081152
1328.8	.081362
1329.8	.081553
1330.8	.081711
1331.7	.081833
1332.7	.081926
1333.6	.081987
1334.6	.081998
1335.6	.081929
1336.5	.081774
1337.5	.081568
1338.5	.081396
1339.4	.081354
1340.4	.081481
1341.4	.081704
1342.3	.08189
1343.3	.081952
1344.3	.081906
1345.2	.081831
1346.2	.081778
1347.2	.081733
1348.1	.081679
1349.1	.081631
1350	.081613
1351	.081618
1352	.081617
1352.9	.081617
1353.9	.081655
1354.9	.081753
1355.8	.081887
1356.8	.082011
1357.8	.082092
1358.7	.082097
1359.7	.081996
1360.7	.08181
1361.6	.081669
1362.6	.08174
1363.5	.082085
1364.5	.082581
1365.5	.083022
1366.4	.083294
1367.4	.083456
1368.4	.083651
1369.3	.083939
1370.3	.084221
1371.3	.084355
1372.2	.084332
1373.2	.084322
1374.2	.084505
1375.1	.084883
1376.1	.085299
1377	.085611
1378	.085803
1379	.085926
1379.9	.086031
1380.9	.086164
1381.9	.086367
1382.8	.0866
1383.8	.086696
1384.8	.086518
1385.7	.08617
1386.7	.085968
1387.7	.086189
1388.6	.086812
1389.6	.087544
1390.5	.088025
1391.5	.088038
1392.5	.087654
1393.4	.087239
1394.4	.087208
1395.4	.087651
1396.3	.088244
1397.3	.088637
1398.3	.08885
1399.2	.089209
1400.2	.089875
1401.2	.090615
1402.1	.09109
1403.1	.09126
1404	.091405
1405	.091791
1406	.092415
1406.9	.093068
1407.9	.093588
1408.9	.094008
1409.8	.094486
1410.8	.095125
1411.8	.095917
1412.7	.096868
1413.7	.098117
1414.7	.099775
1415.6	.10169
1416.6	.10356
1417.5	.10542
1418.5	.10781
1419.5	.11113
1420.4	.11494
1421.4	.1181
1422.4	.11976
1423.3	.11993
1424.3	.11904
1425.3	.11741
1426.2	.11503
1427.2	.11201
1428.2	.1088
1429.1	.10594
1430.1	.10383
1431	.10258
1432	.10193
1433	.10134
1433.9	.1003
1434.9	.098909
1435.9	.097942
1436.8	.098218
1437.8	.099698
1438.8	.1015
1439.7	.10279
1440.7	.10341
1441.7	.10375
1442.6	.10423
1443.6	.10482
1444.5	.10526
1445.5	.10546
1446.5	.1057
1447.4	.10644
1448.4	.10783
1449.4	.10975
1450.3	.11214
1451.3	.11518
1452.3	.11887
1453.2	.12263
1454.2	.12578
1455.2	.12839
1456.1	.13152
1457.1	.13611
1458.1	.14184
1459	.14724
1460	.15094
1460.9	.15232
1461.9	.15145
1462.9	.1487
1463.8	.14473
1464.8	.14035
1465.8	.13636
1466.7	.13321
1467.7	.13097
1468.7	.12954
1469.6	.12891
1470.6	.1294
1471.6	.13153
1472.5	.13564
1473.5	.14134
1474.4	.14762
1475.4	.15343
1476.4	.15821
1477.3	.16176
1478.3	.16378
1479.3	.16392
1480.2	.16213
1481.2	.1588
1482.2	.15448
1483.1	.14953
1484.1	.14416
1485.1	.13866
1486	.13351
1487	.12907
1487.9	.12544
1488.9	.12269
1489.9	.12102
1490.8	.12052
1491.8	.12072
1492.8	.12075
1493.7	.12001
1494.7	.11869
1495.7	.11761
1496.6	.11744
1497.6	.11813
1498.6	.11912
1499.5	.11999
1500.5	.12075
1501.4	.12138
1502.4	.12141
1503.4	.12025
1504.3	.1179
1505.3	.11547
1506.3	.11454
1507.2	.11585
1508.2	.11851
1509.2	.12095
1510.1	.12231
1511.1	.1229
1512.1	.12342
1513	.12401
1514	.12427
1514.9	.12402
1515.9	.12376
1516.9	.12394
1517.8	.12422
1518.8	.12386
1519.8	.12284
1520.7	.12221
1521.7	.12292
1522.7	.12468
1523.6	.12638
1524.6	.12735
1525.6	.12791
1526.5	.12865
1527.5	.12974
1528.4	.13091
1529.4	.13183
1530.4	.13222
1531.3	.13201
1532.3	.13155
1533.3	.13157
1534.2	.13251
1535.2	.13376
1536.2	.13401
1537.1	.13257
1538.1	.13013
1539.1	.12841
1540	.12866
1541	.13061
1541.9	.13301
1542.9	.13494
1543.9	.13641
1544.8	.13785
1545.8	.13938
1546.8	.14068
1547.7	.14146
1548.7	.1419
1549.7	.14239
1550.6	.14296
1551.6	.14324
1552.6	.14308
1553.5	.14288
1554.5	.14297
1555.5	.14285
1556.4	.14163
1557.4	.13942
1558.3	.13787
1559.3	.13891
1560.3	.14255
1561.2	.14678
1562.2	.14978
1563.2	.15123
1564.1	.15197
1565.1	.15275
1566.1	.15357
1567	.15404
1568	.1541
1569	.15426
1569.9	.15523
1570.9	.15708
1571.8	.15899
1572.8	.15989
1573.8	.1594
1574.7	.15844
1575.7	.15855
1576.7	.16057
1577.6	.16379
1578.6	.16687
1579.6	.16909
1580.5	.1707
1581.5	.17229
1582.5	.17414
1583.4	.17614
1584.4	.17816
1585.3	.18027
1586.3	.18258
1587.3	.18511
1588.2	.18779
1589.2	.19062
1590.2	.1936
1591.1	.19674
1592.1	.19996
1593.1	.20322
1594	.20659
1595	.21015
1596	.21393
1596.9	.21785
1597.9	.2218
1598.8	.22567
1599.8	.2294
1600.8	.23297
1601.7	.23647
1602.7	.24
1603.7	.2436
1604.6	.24719
1605.6	.2507
1606.6	.25419
1607.5	.25772
1608.5	.26126
1609.5	.26475
1610.4	.26826
1611.4	.27189
1612.3	.27543
1613.3	.27837
1614.3	.28049
1615.2	.28236
1616.2	.28517
1617.2	.28965
1618.1	.29529
1619.1	.30073
1620.1	.30505
1621	.30829
1622	.31124
1623	.31456
1623.9	.31822
1624.9	.32167
1625.8	.32445
1626.8	.32645
1627.8	.32791
1628.7	.32907
1629.7	.33002
1630.7	.33059
1631.6	.33041
1632.6	.32915
1633.6	.32704
1634.5	.32503
1635.5	.32423
1636.5	.3249
1637.4	.32612
1638.4	.32675
1639.3	.32636
1640.3	.32529
1641.3	.3239
1642.2	.32204
1643.2	.31932
1644.2	.3156
1645.1	.31139
1646.1	.30755
1647.1	.30468
1648	.3024
1649	.29938
1650	.29423
1650.9	.28682
1651.9	.27897
1652.8	.27343
1653.8	.27138
1654.8	.27117
1655.7	.27035
1656.7	.26793
1657.7	.26447
1658.6	.26082
1659.6	.25716
1660.6	.25327
1661.5	.24934
1662.5	.24597
1663.5	.24347
1664.4	.24147
1665.4	.23927
1666.4	.2365
1667.3	.2333
1668.3	.23023
1669.2	.22793
1670.2	.2267
1671.2	.22604
1672.1	.22502
1673.1	.22312
1674.1	.22092
1675	.21945
1676	.21908
1677	.21906
1677.9	.21858
1678.9	.21753
1679.9	.21615
1680.8	.21429
1681.8	.21147
1682.7	.2079
1683.7	.20493
1684.7	.20396
1685.6	.20492
1686.6	.20622
1687.6	.2064
1688.5	.20529
1689.5	.20378
1690.5	.20266
1691.4	.20169
1692.4	.19983
1693.4	.19649
1694.3	.19249
1695.3	.18944
1696.2	.18798
1697.2	.18685
1698.2	.18447
1699.1	.18103
1700.1	.17837
1701.1	.17776
1702	.17816
1703	.17764
1704	.17556
1704.9	.17289
1705.9	.17074
1706.9	.16915
1707.8	.16752
1708.8	.16555
1709.7	.16338
1710.7	.1611
1711.7	.15858
1712.6	.15578
1713.6	.15273
1714.6	.14939
1715.5	.14578
1716.5	.14243
1717.5	.1402
1718.4	.13937
1719.4	.13922
1720.4	.13868
1721.3	.13729
1722.3	.1353
1723.2	.13325
1724.2	.13142
1725.2	.1297
1726.1	.12786
1727.1	.12578
1728.1	.12362
1729	.12158
1730	.1195
1731	.11682
1731.9	.11331
1732.9	.10972
1733.9	.10753
1734.8	.10734
1735.8	.10807
1736.7	.10806
1737.7	.10667
1738.7	.10465
1739.6	.10305
1740.6	.10215
1741.6	.10146
1742.5	.10056
1743.5	.099432
1744.5	.098244
1745.4	.09704
1746.4	.09576
1747.4	.094371
1748.3	.092851
1749.3	.091253
1750.2	.089866
1751.2	.08911
1752.2	.089055
1753.1	.089156
1754.1	.088728
1755.1	.08765
1756	.086452
1757	.085658
1758	.085196
1758.9	.084556
1759.9	.083473
1760.9	.08226
1761.8	.081487
1762.8	.081351
1763.8	.081422
1764.7	.081068
1765.7	.080085
1766.6	.078871
1767.6	.077949
1768.6	.077307
1769.5	.076452
1770.5	.075124
1771.5	.073788
1772.4	.073222
1773.4	.07363
1774.4	.074429
1775.3	.074901
1776.3	.074823
1777.3	.074407
1778.2	.073907
1779.2	.073427
1780.1	.073006
1781.1	.072655
1782.1	.072318
1783	.071898
1784	.071419
1785	.071038
1785.9	.070871
1786.9	.070819
1787.9	.070603
1788.8	.069972
1789.8	.068917
1790.8	.06775
1791.7	.066972
1792.7	.066902
1793.6	.067391
1794.6	.067944
1795.6	.068141
1796.5	.067922
1797.5	.067475
1798.5	.066991
1799.4	.066574
1800.4	.066306
1801.4	.066244
1802.3	.066334
1803.3	.066416
1804.3	.066362
1805.2	.066188
1806.2	.065974
1807.1	.065743
1808.1	.065461
1809.1	.06514
1810	.06487
1811	.064746
1812	.064764
1812.9	.06481
1813.9	.064767
1814.9	.064603
1815.8	.064382
1816.8	.064164
1817.8	.063974
1818.7	.063814
1819.7	.063702
1820.6	.0636
1821.6	.063381
1822.6	.062937
1823.5	.062372
1824.5	.061968
1825.5	.061881
1826.4	.061903
1827.4	.061682
1828.4	.06117
1829.3	.060735
1830.3	.060761
1831.3	.061199
1832.2	.061631
1833.2	.061744
1834.1	.061587
1835.1	.061387
1836.1	.061242
1837	.061111
1838	.061002
1839	.060963
1839.9	.060873
1840.9	.06043
1841.9	.059515
1842.8	.058497
1843.8	.05801
1844.8	.058328
1845.7	.059078
1846.7	.059668
1847.6	.059849
1848.6	.059799
1849.6	.059764
1850.5	.059776
1851.5	.059741
1852.5	.059632
1853.4	.059508
1854.4	.059401
1855.4	.059289
1856.3	.059158
1857.3	.05904
1858.3	.05895
1859.2	.058873
1860.2	.058778
1861.1	.058673
1862.1	.058579
1863.1	.058492
1864	.058364
1865	.058113
1866	.057674
1866.9	.057108
1867.9	.056633
1868.9	.056498
1869.8	.056749
1870.8	.057172
1871.8	.057477
1872.7	.057552
1873.7	.057481
1874.7	.057395
1875.6	.057339
1876.6	.057276
1877.5	.057179
1878.5	.057073
1879.5	.056985
1880.4	.056923
1881.4	.056864
1882.4	.056784
1883.3	.056693
1884.3	.056622
1885.3	.056561
1886.2	.056435
1887.2	.056189
1888.2	.055887
1889.1	.055699
1890.1	.055724
1891	.055869
1892	.055947
1893	.055864
1893.9	.055708
1894.9	.055611
1895.9	.055614
1896.8	.055656
1897.8	.055666
1898.8	.05563
1899.7	.055574
1900.7	.055518
1901.7	.055467
1902.6	.055411
1903.6	.055344
1904.5	.05526
1905.5	.055157
1906.5	.055038
1907.4	.054923
1908.4	.054844
1909.4	.054821
1910.3	.054836
1911.3	.05486
1912.3	.054885
1913.2	.054893
1914.2	.054819
1915.2	.054578
1916.1	.0542
1917.1	.05389
1918	.053859
1919	.054085
1920	.054325
1920.9	.054379
1921.9	.054294
1922.9	.054264
1923.8	.054376
1924.8	.054539
1925.8	.054626
1926.7	.054627
1927.7	.054612
1928.7	.054618
1929.6	.054627
1930.6	.054623
1931.5	.054625
1932.5	.05465
1933.5	.054682
1934.4	.054687
1935.4	.054662
1936.4	.054638
1937.3	.054637
1938.3	.054633
1939.3	.054566
1940.2	.054412
1941.2	.054235
1942.2	.054148
1943.1	.054212
1944.1	.054371
1945	.054518
1946	.054593
1947	.054624
1947.9	.054658
1948.9	.054695
1949.9	.054708
1950.8	.054697
1951.8	.054687
1952.8	.054697
1953.7	.05472
1954.7	.054743
1955.7	.054771
1956.6	.054815
1957.6	.054871
1958.5	.054919
1959.5	.054941
1960.5	.054953
1961.4	.054971
1962.4	.05499
1963.4	.05497
1964.3	.054893
1965.3	.054799
1966.3	.054764
1967.2	.054829
1968.2	.054954
1969.2	.055065
1970.1	.055129
1971.1	.055171
1972.1	.055217
1973	.055263
1974	.05529
1974.9	.055299
1975.9	.055314
1976.9	.055351
1977.8	.0554
1978.8	.055437
1979.8	.055453
1980.7	.055463
1981.7	.055493
1982.7	.055554
1983.6	.055618
1984.6	.055645
1985.6	.055621
1986.5	.05558
1987.5	.055564
1988.4	.055572
1989.4	.055567
1990.4	.055543
1991.3	.055548
1992.3	.055637
1993.3	.055796
1994.2	.055945
1995.2	.05602
1996.2	.056027
1997.1	.05602
1998.1	.056046
1999.1	.05611
2000	.056191
2001	.056273
2001.9	.056357
2002.9	.056446
2003.9	.056527
2004.8	.056587
2005.8	.056631
2006.8	.056684
2007.7	.056764
2008.7	.056864
2009.7	.056963
2010.6	.057055
2011.6	.057158
2012.6	.057278
2013.5	.05739
2014.5	.05746
2015.4	.057505
2016.4	.057578
2017.4	.057726
2018.3	.05794
2019.3	.058172
2020.3	.05838
2021.2	.05856
2022.2	.058724
2023.2	.058885
2024.1	.059046
2025.1	.059204
2026.1	.059364
2027	.059533
2028	.059719
2028.9	.059914
2029.9	.060101
2030.9	.06027
2031.8	.060428
2032.8	.06059
2033.8	.060757
2034.7	.060919
2035.7	.061074
2036.7	.061228
2037.6	.061388
2038.6	.061555
2039.6	.061721
2040.5	.061877
2041.5	.062018
2042.4	.062149
2043.4	.06228
2044.4	.062428
2045.3	.062609
2046.3	.062817
2047.3	.063017
2048.2	.063174
2049.2	.063276
2050.2	.063351
2051.1	.063442
2052.1	.063572
2053.1	.063727
2054	.063885
2055	.064034
2056	.064177
2056.9	.064321
2057.9	.064464
2058.8	.064604
2059.8	.064749
2060.8	.06489
2061.7	.065017
2062.7	.065118
2063.7	.065211
2064.6	.065334
2065.6	.065501
2066.6	.065691
2067.5	.065863
2068.5	.065988
2069.5	.066081
2070.4	.066164
2071.4	.06625
2072.3	.066328
2073.3	.066398
2074.3	.066481
2075.2	.066603
2076.2	.066752
2077.2	.066889
2078.1	.066972
2079.1	.067008
2080.1	.067039
2081	.067096
2082	.067175
2083	.067249
2083.9	.067313
2084.9	.067378
2085.8	.067441
2086.8	.067476
2087.8	.067483
2088.7	.067499
2089.7	.067576
2090.7	.067722
2091.6	.067893
2092.6	.068038
2093.6	.068138
2094.5	.068219
2095.5	.068312
2096.5	.06842
2097.4	.068525
2098.4	.068614
2099.3	.068709
2100.3	.068845
2101.3	.069021
2102.2	.069184
2103.2	.069285
2104.2	.069341
2105.1	.069416
2106.1	.069551
2107.1	.069719
2108	.069858
2109	.069951
2110	.070038
2110.9	.070156
2111.9	.070296
2112.8	.070428
2113.8	.070548
2114.8	.070678
2115.7	.070831
2116.7	.070991
2117.7	.071136
2118.6	.07127
2119.6	.07141
2120.6	.071561
2121.5	.071724
2122.5	.071909
2123.5	.072133
2124.4	.072385
2125.4	.072624
2126.3	.072805
2127.3	.072922
2128.3	.073018
2129.2	.073151
2130.2	.07335
2131.2	.073601
2132.1	.073854
2133.1	.074076
2134.1	.074263
2135	.074456
2136	.074688
2137	.074953
2137.9	.075217
2138.9	.075465
2139.8	.075756
2140.8	.076158
2141.8	.07666
2142.7	.077114
2143.7	.077346
2144.7	.077356
2145.6	.077325
2146.6	.077444
2147.6	.077732
2148.5	.078063
2149.5	.078327
2150.5	.078535
2151.4	.078761
2152.4	.079034
2153.3	.079322
2154.3	.079593
2155.3	.079855
2156.2	.080119
2157.2	.080365
2158.2	.080574
2159.1	.080758
2160.1	.08096
2161.1	.081207
2162	.081504
2163	.081829
2164	.082133
2164.9	.082381
2165.9	.082577
2166.9	.08278
2167.8	.083035
2168.8	.083325
2169.7	.083594
2170.7	.083834
2171.7	.084109
2172.6	.084475
2173.6	.084902
2174.6	.08528
2175.5	.085531
2176.5	.085666
2177.5	.08577
2178.4	.085918
2179.4	.086137
2180.4	.08642
2181.3	.086745
2182.3	.087082
2183.2	.087373
2184.2	.087579
2185.2	.087721
2186.1	.087881
2187.1	.088123
2188.1	.088419
2189	.088693
2190	.088924
2191	.089183
2191.9	.089516
2192.9	.089872
2193.9	.090144
2194.8	.090303
2195.8	.090428
2196.7	.090607
2197.7	.090846
2198.7	.091094
2199.6	.091311
2200.6	.091493
2201.6	.09164
2202.5	.091768
2203.5	.09192
2204.5	.092137
2205.4	.092408
2206.4	.092656
2207.4	.092828
2208.3	.092946
2209.3	.093069
2210.2	.09323
2211.2	.09342
2212.2	.093627
2213.1	.093848
2214.1	.094081
2215.1	.094303
2216	.094505
2217	.0947
2218	.094899
2218.9	.095101
2219.9	.09529
2220.9	.095465
2221.8	.095645
2222.8	.095844
2223.7	.096071
2224.7	.096305
2225.7	.096517
2226.6	.096712
2227.6	.096957
2228.6	.097328
2229.5	.097841
2230.5	.098436
2231.5	.099055
2232.4	.099695
2233.4	.10037
2234.4	.10102
2235.3	.10151
2236.3	.10173
2237.2	.10166
2238.2	.10138
2239.2	.10096
2240.1	.10048
2241.1	.10003
2242.1	.09968
2243	.099416
2244	.099191
2245	.098997
2245.9	.098879
2246.9	.098867
2247.9	.098908
2248.8	.098926
2249.8	.098897
2250.7	.09888
2251.7	.098915
2252.7	.098969
2253.6	.098991
2254.6	.098963
2255.6	.098907
2256.5	.098861
2257.5	.09886
2258.5	.098926
2259.4	.099037
2260.4	.099132
2261.4	.099156
2262.3	.099131
2263.3	.09913
2264.3	.099202
2265.2	.099315
2266.2	.099399
2267.1	.099417
2268.1	.099389
2269.1	.09936
2270	.099359
2271	.099391
2272	.099455
2272.9	.099548
2273.9	.099671
2274.9	.099813
2275.8	.099964
2276.8	.10011
2277.8	.10026
2278.7	.1004
2279.7	.10051
2280.6	.10058
2281.6	.10059
2282.6	.10056
2283.5	.10048
2284.5	.10035
2285.5	.10021
2286.4	.10007
2287.4	.099965
2288.4	.099854
2289.3	.099704
2290.3	.099508
2291.3	.099294
2292.2	.099098
2293.2	.098935
2294.1	.098789
2295.1	.098635
2296.1	.09843
2297	.098151
2298	.097805
2299	.097432
2299.9	.097059
2300.9	.096679
2301.9	.096253
2302.8	.095754
2303.8	.095171
2304.8	.09451
2305.7	.093767
2306.7	.09294
2307.6	.092036
2308.6	.091064
2309.6	.090031
2310.5	.088941
2311.5	.087801
2312.5	.086615
2313.4	.085381
2314.4	.084092
2315.4	.082723
2316.3	.081235
2317.3	.079625
2318.3	.077954
2319.2	.076329
2320.2	.074797
2321.1	.073389
2322.1	.072234
2323.1	.07159
2324	.071573
2325	.071875
2326	.071822
2326.9	.070887
2327.9	.069106
2328.9	.067019
2329.8	.065137
2330.8	.063647
2331.8	.062493
2332.7	.061619
2333.7	.060995
2334.6	.060557
2335.6	.060233
2336.6	.060107
2337.5	.060354
2338.5	.061168
2339.5	.062825
2340.4	.06597
2341.4	.071373
2342.4	.079194
2343.3	.088401
2344.3	.097148
2345.3	.1038
2346.2	.10755
2347.2	.10817
2348.1	.10546
2349.1	.099332
2350.1	.090367
2351	.080067
2352	.070252
2353	.062115
2353.9	.055853
2354.9	.051072
2355.9	.047417
2356.8	.044672
2357.8	.042706
2358.8	.041374
2359.7	.040598
2360.7	.040281
2361.6	.04032
2362.6	.040623
2363.6	.041251
2364.5	.042284
2365.5	.043739
2366.5	.045517
2367.4	.047579
2368.4	.049913
2369.4	.052523
2370.3	.055362
2371.3	.058401
2372.3	.061631
2373.2	.065023
2374.2	.068483
2375.2	.071889
2376.1	.07515
2377.1	.078209
2378	.081011
2379	.083493
2380	.08559
2380.9	.087266
2381.9	.088565
2382.9	.089557
2383.8	.090307
2384.8	.090816
2385.8	.091107
2386.7	.091224
2387.7	.091262
2388.7	.091263
2389.6	.091215
2390.6	.091093
2391.5	.090917
2392.5	.09073
2393.5	.090571
2394.4	.090418
2395.4	.090253
2396.4	.090058
2397.3	.089851
2398.3	.08965
2399.3	.089471
2400.2	.089309
2401.2	.089158
2402.2	.088993
2403.1	.088815
2404.1	.088635
2405	.088454
2406	.088266
2407	.088066
2407.9	.087868
2408.9	.087679
2409.9	.087488
2410.8	.087268
2411.8	.087019
2412.8	.086759
2413.7	.086517
2414.7	.086299
2415.7	.086102
2416.6	.085923
2417.6	.08575
2418.5	.085569
2419.5	.085372
2420.5	.085172
2421.4	.084987
2422.4	.084818
2423.4	.084649
2424.3	.084457
2425.3	.084248
2426.3	.084041
2427.2	.08386
2428.2	.083695
2429.2	.083533
2430.1	.083351
2431.1	.083151
2432	.082947
2433	.082759
2434	.082586
2434.9	.082417
2435.9	.082237
2436.9	.082041
2437.8	.08185
2438.8	.081684
2439.8	.081542
2440.7	.081401
2441.7	.081232
2442.7	.081033
2443.6	.080819
2444.6	.08062
2445.5	.080438
2446.5	.080264
2447.5	.080102
2448.4	.079969
2449.4	.079869
2450.4	.079781
2451.3	.079662
2452.3	.079486
2453.3	.079267
2454.2	.07905
2455.2	.07888
2456.2	.078768
2457.1	.078683
2458.1	.078569
2459	.078401
2460	.078201
2461	.078012
2461.9	.077843
2462.9	.077684
2463.9	.077524
2464.8	.077385
2465.8	.077279
2466.8	.077179
2467.7	.077033
2468.7	.07683
2469.7	.076601
2470.6	.076407
2471.6	.076256
2472.6	.076115
2473.5	.075957
2474.5	.075794
2475.4	.075651
2476.4	.075526
2477.4	.075403
2478.3	.075264
2479.3	.075117
2480.3	.074974
2481.2	.074839
2482.2	.074699
2483.2	.074552
2484.1	.074407
2485.1	.074278
2486.1	.07418
2487	.074109
2488	.074042
2488.9	.073943
2489.9	.073804
2490.9	.07365
2491.8	.073514
2492.8	.073408
2493.8	.073318
2494.7	.073229
2495.7	.073134
2496.7	.07304
2497.6	.072957
2498.6	.072894
2499.6	.072842
2500.5	.072789
2501.5	.072716
2502.4	.07262
2503.4	.07252
2504.4	.072433
2505.3	.072374
2506.3	.072326
2507.3	.072275
2508.2	.07221
2509.2	.072124
2510.2	.072033
2511.1	.071967
2512.1	.071942
2513.1	.071958
2514	.071975
2515	.071956
2515.9	.071898
2516.9	.071831
2517.9	.071785
2518.8	.071761
2519.8	.071738
2520.8	.071703
2521.7	.071662
2522.7	.071634
2523.7	.071616
2524.6	.071608
2525.6	.0716
2526.6	.071603
2527.5	.071628
2528.5	.071679
2529.4	.071737
2530.4	.071792
2531.4	.071833
2532.3	.071872
2533.3	.071907
2534.3	.071922
2535.2	.071915
2536.2	.071903
2537.2	.071922
2538.1	.071979
2539.1	.07205
2540.1	.0721
2541	.07213
2542	.072164
2542.9	.072221
2543.9	.07229
2544.9	.072335
2545.8	.072358
2546.8	.072379
2547.8	.072451
2548.7	.072582
2549.7	.07273
2550.7	.072848
2551.6	.072927
2552.6	.072998
2553.6	.073087
2554.5	.07319
2555.5	.073288
2556.4	.073387
2557.4	.07351
2558.4	.073665
2559.3	.07384
2560.3	.074019
2561.3	.074186
2562.2	.074339
2563.2	.074492
2564.2	.07465
2565.1	.074816
2566.1	.074989
2567.1	.075164
2568	.075343
2569	.075542
2569.9	.075764
2570.9	.075977
2571.9	.076158
2572.8	.076305
2573.8	.076466
2574.8	.076667
2575.7	.076897
2576.7	.077141
2577.7	.077375
2578.6	.07761
2579.6	.077833
2580.6	.07802
2581.5	.078174
2582.5	.078325
2583.5	.078502
2584.4	.078707
2585.4	.078917
2586.3	.079115
2587.3	.079285
2588.3	.079417
2589.2	.079507
2590.2	.079598
2591.2	.079736
2592.1	.079943
2593.1	.080166
2594.1	.080363
2595	.080521
2596	.080668
2597	.080821
2597.9	.080976
2598.9	.081115
2599.8	.081238
2600.8	.08137
2601.8	.08153
2602.7	.081723
2603.7	.081935
2604.7	.082145
2605.6	.082345
2606.6	.082546
2607.6	.082775
2608.5	.083024
2609.5	.083276
2610.5	.083492
2611.4	.083676
2612.4	.083857
2613.3	.084061
2614.3	.084294
2615.3	.084534
2616.2	.084768
2617.2	.084994
2618.2	.085227
2619.1	.085483
2620.1	.085768
2621.1	.086083
2622	.086395
2623	.086688
2624	.086947
2624.9	.087198
2625.9	.08746
2626.8	.087746
2627.8	.088044
2628.8	.088348
2629.7	.088636
2630.7	.088901
2631.7	.08915
2632.6	.089414
2633.6	.089715
2634.6	.090062
2635.5	.090449
2636.5	.090863
2637.5	.091281
2638.4	.091687
2639.4	.092064
2640.3	.092431
2641.3	.092789
2642.3	.093135
2643.2	.093467
2644.2	.093803
2645.2	.094174
2646.1	.094586
2647.1	.095005
2648.1	.0954
2649	.095771
2650	.09614
2651	.096516
2651.9	.096893
2652.9	.097268
2653.8	.097655
2654.8	.098074
2655.8	.098534
2656.7	.099023
2657.7	.099518
2658.7	.099991
2659.6	.10043
2660.6	.10084
2661.6	.10124
2662.5	.10165
2663.5	.10207
2664.5	.10248
2665.4	.10288
2666.4	.10328
2667.3	.10371
2668.3	.10418
2669.3	.10467
2670.2	.10514
2671.2	.10558
2672.2	.10599
2673.1	.10641
2674.1	.10688
2675.1	.10738
2676	.1079
2677	.1084
2678	.1089
2678.9	.10939
2679.9	.10989
2680.9	.1104
2681.8	.11093
2682.8	.1115
2683.7	.11209
2684.7	.11266
2685.7	.11316
2686.6	.11364
2687.6	.11417
2688.6	.11477
2689.5	.1154
2690.5	.11601
2691.5	.11659
2692.4	.11718
2693.4	.1178
2694.4	.11846
2695.3	.11911
2696.3	.11975
2697.2	.12039
2698.2	.12109
2699.2	.12183
2700.1	.12258
2701.1	.12328
2702.1	.12391
2703	.12452
2704	.12517
2705	.12589
2705.9	.12664
2706.9	.12738
2707.9	.12808
2708.8	.12876
2709.8	.12946
2710.7	.13019
2711.7	.13093
2712.7	.1317
2713.6	.13249
2714.6	.1333
2715.6	.13408
2716.5	.13479
2717.5	.13546
2718.5	.13616
2719.4	.13696
2720.4	.13784
2721.4	.13875
2722.3	.13963
2723.3	.14045
2724.2	.14125
2725.2	.14211
2726.2	.14302
2727.1	.14396
2728.1	.14488
2729.1	.14578
2730	.14669
2731	.14761
2732	.14851
2732.9	.14938
2733.9	.15026
2734.9	.15116
2735.8	.15212
2736.8	.15309
2737.7	.15406
2738.7	.15504
2739.7	.15604
2740.6	.15705
2741.6	.15805
2742.6	.15902
2743.5	.16
2744.5	.16104
2745.5	.16213
2746.4	.1632
2747.4	.16418
2748.4	.16512
2749.3	.16611
2750.3	.1672
2751.2	.16833
2752.2	.16946
2753.2	.17056
2754.1	.17169
2755.1	.17286
2756.1	.17405
2757	.17523
2758	.17638
2759	.17751
2759.9	.17868
2760.9	.17989
2761.9	.18117
2762.8	.18244
2763.8	.18372
2764.7	.185
2765.7	.18631
2766.7	.18768
2767.6	.18913
2768.6	.19064
2769.6	.1922
2770.5	.19379
2771.5	.19542
2772.5	.19711
2773.4	.19887
2774.4	.20075
2775.4	.20278
2776.3	.20496
2777.3	.20726
2778.2	.20965
2779.2	.21218
2780.2	.21491
2781.1	.21787
2782.1	.22107
2783.1	.22448
2784	.22815
2785	.23207
2786	.23623
2786.9	.24057
2787.9	.24508
2788.9	.24985
2789.8	.25492
2790.8	.26022
2791.8	.26556
2792.7	.27075
2793.7	.27562
2794.6	.28008
2795.6	.28394
2796.6	.28701
2797.5	.2891
2798.5	.29012
2799.5	.29
2800.4	.2888
2801.4	.2867
2802.4	.28408
2803.3	.28128
2804.3	.27862
2805.3	.27637
2806.2	.27477
2807.2	.27407
2808.1	.27438
2809.1	.27555
2810.1	.27738
2811	.2796
2812	.28194
2813	.28406
2813.9	.28556
2814.9	.28614
2815.9	.28567
2816.8	.28427
2817.8	.28216
2818.8	.27957
2819.7	.27677
2820.7	.27409
2821.6	.27187
2822.6	.27026
2823.6	.26924
2824.5	.26867
2825.5	.26853
2826.5	.26881
2827.4	.26946
2828.4	.27039
2829.4	.2715
2830.3	.27275
2831.3	.27415
2832.3	.27567
2833.2	.27719
2834.2	.27865
2835.1	.27998
2836.1	.28126
2837.1	.28255
2838	.28385
2839	.28514
2840	.28634
2840.9	.28756
2841.9	.2889
2842.9	.29042
2843.8	.2921
2844.8	.29387
2845.8	.29571
2846.7	.29763
2847.7	.29962
2848.6	.30163
2849.6	.3037
2850.6	.30586
2851.5	.3082
2852.5	.31074
2853.5	.31347
2854.4	.31642
2855.4	.31962
2856.4	.32323
2857.3	.32731
2858.3	.33188
2859.3	.33689
2860.2	.34236
2861.2	.34834
2862.1	.35487
2863.1	.36185
2864.1	.36911
2865	.37647
2866	.38375
2867	.39072
2867.9	.39708
2868.9	.40257
2869.9	.40706
2870.8	.41049
2871.8	.41297
2872.8	.41457
2873.7	.41541
2874.7	.41576
2875.6	.41591
2876.6	.41613
2877.6	.41666
2878.5	.41779
2879.5	.41982
2880.5	.423
2881.4	.42743
2882.4	.43305
2883.4	.43968
2884.3	.44711
2885.3	.45512
2886.3	.46336
2887.2	.47145
2888.2	.47882
2889.2	.48488
2890.1	.48914
2891.1	.4913
2892	.49122
2893	.48897
2894	.48486
2894.9	.47941
2895.9	.47321
2896.9	.46692
2897.8	.46114
2898.8	.45635
2899.8	.45291
2900.7	.4509
2901.7	.45017
2902.7	.45056
2903.6	.45187
2904.6	.45387
2905.5	.45634
2906.5	.45901
2907.5	.46163
2908.4	.46391
2909.4	.46563
2910.4	.46665
2911.3	.46696
2912.3	.46663
2913.3	.46573
2914.2	.46438
2915.2	.46271
2916.2	.46095
2917.1	.45921
2918.1	.45763
2919	.45628
2920	.45522
2921	.4546
2921.9	.45442
2922.9	.45456
2923.9	.45483
2924.8	.45512
2925.8	.45536
2926.8	.45547
2927.7	.45541
2928.7	.45519
2929.7	.455
2930.6	.45505
2931.6	.45544
2932.5	.45615
2933.5	.45718
2934.5	.45866
2935.4	.46079
2936.4	.46369
2937.4	.46729
2938.3	.47147
2939.3	.47616
2940.3	.48142
2941.2	.48729
2942.2	.4938
2943.2	.50083
2944.1	.50817
2945.1	.51569
2946	.52322
2947	.53068
2948	.53787
2948.9	.54466
2949.9	.55078
2950.9	.55609
2951.8	.56041
2952.8	.56372
2953.8	.56608
2954.7	.56758
2955.7	.56829
2956.7	.56823
2957.6	.56733
2958.6	.56571
2959.5	.56357
2960.5	.5612
2961.5	.55876
2962.4	.5563
2963.4	.5538
2964.4	.55146
2965.3	.54956
2966.3	.54827
2967.3	.54768
2968.2	.54777
2969.2	.5485
2970.2	.54976
2971.1	.55137
2972.1	.55315
2973	.55499
2974	.55678
2975	.5584
2975.9	.55971
2976.9	.56064
2977.9	.56113
2978.8	.56117
2979.8	.56082
2980.8	.56006
2981.7	.55888
2982.7	.55722
2983.7	.55503
2984.6	.55245
2985.6	.54972
2986.5	.54703
2987.5	.54442
2988.5	.54181
2989.4	.53916
2990.4	.53657
2991.4	.53418
2992.3	.53207
2993.3	.53026
2994.3	.52867
2995.2	.52728
2996.2	.52609
2997.2	.5252
2998.1	.52468
2999.1	.52454
3000.1	.52458
3001	.52469
3002	.52484
3002.9	.5252
3003.9	.52581
3004.9	.52655
3005.8	.52731
3006.8	.52805
3007.8	.52888
3008.7	.52989
3009.7	.53101
3010.7	.53221
3011.6	.53343
3012.6	.53465
3013.6	.53583
3014.5	.53696
3015.5	.53804
3016.4	.53916
3017.4	.5404
3018.4	.54175
3019.3	.54316
3020.3	.5446
3021.3	.54603
3022.2	.54746
3023.2	.54889
3024.2	.55037
3025.1	.5519
3026.1	.55354
3027.1	.55518
3028	.5567
3029	.55807
3029.9	.55943
3030.9	.56097
3031.9	.56276
3032.8	.5647
3033.8	.56655
3034.8	.56818
3035.7	.56965
3036.7	.57114
3037.7	.57274
3038.6	.57442
3039.6	.57615
3040.6	.57786
3041.5	.57965
3042.5	.58147
3043.4	.58328
3044.4	.58516
3045.4	.58719
3046.3	.5893
3047.3	.59128
3048.3	.59294
3049.2	.59439
3050.2	.59602
3051.2	.59808
3052.1	.60042
3053.1	.60268
3054.1	.6046
3055	.60633
3056	.60812
3056.9	.61027
3057.9	.61259
3058.9	.6148
3059.8	.61671
3060.8	.61844
3061.8	.62031
3062.7	.62249
3063.7	.62494
3064.7	.62738
3065.6	.62967
3066.6	.63182
3067.6	.63395
3068.5	.63617
3069.5	.63855
3070.4	.64112
3071.4	.64379
3072.4	.64651
3073.3	.64913
3074.3	.65166
3075.3	.65419
3076.2	.65682
3077.2	.65947
3078.2	.66201
3079.1	.66442
3080.1	.66686
3081.1	.66943
3082	.67203
3083	.67448
3083.9	.67678
3084.9	.67917
3085.9	.68195
3086.8	.68498
3087.8	.688
3088.8	.69074
3089.7	.69336
3090.7	.6963
3091.7	.69965
3092.6	.70297
3093.6	.70572
3094.6	.7078
3095.5	.7097
3096.5	.71203
3097.5	.71498
3098.4	.71827
3099.4	.72154
3100.3	.72467
3101.3	.72765
3102.3	.73057
3103.2	.73358
3104.2	.73682
3105.2	.74019
3106.1	.74359
3107.1	.74684
3108.1	.74991
3109	.75281
3110	.75558
3111	.75842
3111.9	.76158
3112.9	.76526
3113.8	.76923
3114.8	.77301
3115.8	.77628
3116.7	.77921
3117.7	.78204
3118.7	.78505
3119.6	.78822
3120.6	.79164
3121.6	.79535
3122.5	.7992
3123.5	.80272
3124.5	.80571
3125.4	.80848
3126.4	.81164
3127.3	.81538
3128.3	.81944
3129.3	.82339
3130.2	.82696
3131.2	.83025
3132.2	.83339
3133.1	.83651
3134.1	.8398
3135.1	.84324
3136	.84669
3137	.84997
3138	.85322
3138.9	.85672
3139.9	.86052
3140.8	.86446
3141.8	.86815
3142.8	.87159
3143.7	.87498
3144.7	.87862
3145.7	.88243
3146.6	.88615
3147.6	.88951
3148.6	.89255
3149.5	.89551
3150.5	.8987
3151.5	.90222
3152.4	.90605
3153.4	.91007
3154.3	.91415
3155.3	.91807
3156.3	.92173
3157.2	.92512
3158.2	.92841
3159.2	.93174
3160.1	.93525
3161.1	.9391
3162.1	.94336
3163	.94777
3164	.95187
3165	.95541
3165.9	.95866
3166.9	.9622
3167.8	.96598
3168.8	.96951
3169.8	.97255
3170.7	.97559
3171.7	.97923
3172.7	.98333
3173.6	.98711
3174.6	.99011
3175.6	.99257
3176.5	.99521
3177.5	.99831
3178.5	1.0018
3179.4	1.0056
3180.4	1.0092
3181.3	1.0127
3182.3	1.0159
3183.3	1.0192
3184.2	1.023
3185.2	1.0269
3186.2	1.0307
3187.1	1.0339
3188.1	1.037
3189.1	1.0399
3190	1.0425
3191	1.0449
3192	1.0477
3192.9	1.0512
3193.9	1.0552
3194.8	1.0591
3195.8	1.0619
3196.8	1.0639
3197.7	1.0658
3198.7	1.0681
3199.7	1.0707
3200.6	1.0732
3201.6	1.0755
3202.6	1.0775
3203.5	1.0798
3204.5	1.0822
3205.5	1.0848
3206.4	1.0868
3207.4	1.0882
3208.4	1.0891
3209.3	1.0904
3210.3	1.0933
3211.2	1.097
3212.2	1.1008
3213.2	1.104
3214.1	1.1063
3215.1	1.1079
3216.1	1.1091
3217	1.1102
3218	1.111
3219	1.1119
3219.9	1.1131
3220.9	1.1148
3221.9	1.1165
3222.8	1.1177
3223.8	1.1177
3224.7	1.1169
3225.7	1.117
3226.7	1.1177
3227.6	1.1193
3228.6	1.1215
3229.6	1.1236
3230.5	1.1255
3231.5	1.1271
3232.5	1.1286
3233.4	1.1298
3234.4	1.1307
3235.4	1.1317
3236.3	1.1329
3237.3	1.1344
3238.2	1.1361
3239.2	1.1378
3240.2	1.1396
3241.1	1.1426
3242.1	1.145
3243.1	1.1462
3244	1.1468
3245	1.1481
3246	1.151
3246.9	1.1551
3247.9	1.1587
3248.9	1.1606
3249.8	1.1608
3250.8	1.1606
3251.7	1.1615
3252.7	1.1634
3253.7	1.1653
3254.6	1.1668
3255.6	1.1685
3256.6	1.1715
3257.5	1.1746
3258.5	1.1767
3259.5	1.1778
3260.4	1.179
3261.4	1.1812
3262.4	1.1844
3263.3	1.1875
3264.3	1.1901
3265.2	1.1924
3266.2	1.1942
3267.2	1.1955
3268.1	1.1969
3269.1	1.1986
3270.1	1.2007
3271	1.2023
3272	1.2037
3273	1.2053
3273.9	1.208
3274.9	1.2115
3275.9	1.2144
3276.8	1.2164
3277.8	1.2182
3278.7	1.2206
3279.7	1.2233
3280.7	1.2257
3281.6	1.2277
3282.6	1.2295
3283.6	1.2314
3284.5	1.2328
3285.5	1.2337
3286.5	1.2352
3287.4	1.2382
3288.4	1.2425
3289.4	1.2464
3290.3	1.2487
3291.3	1.2495
3292.2	1.2498
3293.2	1.2509
3294.2	1.2526
3295.1	1.2544
3296.1	1.2562
3297.1	1.2577
3298	1.2592
3299	1.261
3300	1.2633
3300.9	1.2659
3301.9	1.268
3302.9	1.2693
3303.8	1.27
3304.8	1.2714
3305.7	1.2735
3306.7	1.2756
3307.7	1.2763
3308.6	1.2759
3309.6	1.2751
3310.6	1.2742
3311.5	1.2733
3312.5	1.2724
3313.5	1.2721
3314.4	1.2725
3315.4	1.2727
3316.4	1.2718
3317.3	1.2698
3318.3	1.2675
3319.3	1.2654
3320.2	1.2639
3321.2	1.2629
3322.1	1.2628
3323.1	1.2629
3324.1	1.2625
3325	1.2614
3326	1.2605
3327	1.2609
3327.9	1.2621
3328.9	1.2629
3329.9	1.2625
3330.8	1.2611
3331.8	1.2598
3332.8	1.2591
3333.7	1.2584
3334.7	1.2578
3335.6	1.2575
3336.6	1.258
3337.6	1.2594
3338.5	1.2611
3339.5	1.2625
3340.5	1.2635
3341.4	1.2647
3342.4	1.2663
3343.4	1.2677
3344.3	1.2683
3345.3	1.2681
3346.3	1.2681
3347.2	1.2693
3348.2	1.2713
3349.1	1.272
3350.1	1.271
3351.1	1.2689
3352	1.2674
3353	1.2675
3354	1.269
3354.9	1.2715
3355.9	1.2743
3356.9	1.2771
3357.8	1.2793
3358.8	1.2804
3359.8	1.2798
3360.7	1.2778
3361.7	1.2755
3362.6	1.2745
3363.6	1.2755
3364.6	1.2781
3365.5	1.2813
3366.5	1.2837
3367.5	1.2847
3368.4	1.2848
3369.4	1.2849
3370.4	1.2855
3371.3	1.2863
3372.3	1.2867
3373.3	1.2866
3374.2	1.2866
3375.2	1.2872
3376.1	1.2877
3377.1	1.2867
3378.1	1.2839
3379	1.2807
3380	1.2785
3381	1.2782
3381.9	1.2781
3382.9	1.2764
3383.9	1.2727
3384.8	1.2689
3385.8	1.2661
3386.8	1.2645
3387.7	1.2628
3388.7	1.2601
3389.6	1.2562
3390.6	1.252
3391.6	1.2482
3392.5	1.2452
3393.5	1.2423
3394.5	1.2389
3395.4	1.2345
3396.4	1.23
3397.4	1.2265
3398.3	1.2239
3399.3	1.2208
3400.3	1.2166
3401.2	1.2114
3402.2	1.2063
3403.1	1.2022
3404.1	1.1986
3405.1	1.1946
3406	1.1895
3407	1.1834
3408	1.1769
3408.9	1.1709
3409.9	1.1654
3410.9	1.1601
3411.8	1.1547
3412.8	1.1489
3413.8	1.1432
3414.7	1.1379
3415.7	1.1332
3416.7	1.1284
3417.6	1.1231
3418.6	1.1174
3419.5	1.1117
3420.5	1.1061
3421.5	1.1002
3422.4	1.094
3423.4	1.088
3424.4	1.0825
3425.3	1.0771
3426.3	1.0713
3427.3	1.0649
3428.2	1.0588
3429.2	1.0533
3430.2	1.0482
3431.1	1.0427
3432.1	1.037
3433	1.0312
3434	1.0257
3435	1.02
3435.9	1.0139
3436.9	1.008
3437.9	1.0025
3438.8	.99737
3439.8	.99193
3440.8	.98612
3441.7	.98018
3442.7	.97444
3443.7	.96865
3444.6	.96278
3445.6	.95705
3446.5	.95176
3447.5	.94661
3448.5	.9411
3449.4	.93506
3450.4	.92887
3451.4	.92279
3452.3	.91668
3453.3	.91016
3454.3	.90332
3455.2	.8965
3456.2	.88988
3457.2	.88302
3458.1	.87564
3459.1	.86798
3460	.86083
3461	.85473
3462	.84941
3462.9	.84411
3463.9	.83837
3464.9	.83202
3465.8	.82522
3466.8	.81812
3467.8	.81093
3468.7	.80388
3469.7	.79708
3470.7	.79026
3471.6	.78318
3472.6	.77587
3473.5	.76864
3474.5	.76169
3475.5	.75491
3476.4	.74817
3477.4	.74149
3478.4	.73493
3479.3	.7283
3480.3	.72138
3481.3	.71421
3482.2	.70709
3483.2	.7002
3484.2	.69341
3485.1	.68652
3486.1	.67956
3487	.67277
3488	.66623
3489	.65983
3489.9	.65328
3490.9	.64651
3491.9	.63967
3492.8	.633
3493.8	.62654
3494.8	.62021
3495.7	.61387
3496.7	.60749
3497.7	.6012
3498.6	.5951
3499.6	.58917
3500.5	.58323
3501.5	.57716
3502.5	.57112
3503.4	.56521
3504.4	.55953
3505.4	.55389
3506.3	.54815
3507.3	.54235
3508.3	.53663
3509.2	.53104
3510.2	.52552
3511.2	.5199
3512.1	.51414
3513.1	.50836
3514.1	.50269
3515	.49723
3516	.4919
3516.9	.48657
3517.9	.48111
3518.9	.47553
3519.8	.47003
3520.8	.4646
3521.8	.45914
3522.7	.45346
3523.7	.44759
3524.7	.44174
3525.6	.43605
3526.6	.43042
3527.6	.42465
3528.5	.4187
3529.5	.41275
3530.4	.40696
3531.4	.40123
3532.4	.3953
3533.3	.389
3534.3	.38237
3535.3	.37575
3536.2	.36933
3537.2	.36308
3538.2	.35681
3539.1	.35041
3540.1	.3439
3541.1	.33744
3542	.3311
3543	.32488
3543.9	.31869
3544.9	.31247
3545.9	.3062
3546.8	.29993
3547.8	.29367
3548.8	.28751
3549.7	.28145
3550.7	.27555
3551.7	.26975
3552.6	.26394
3553.6	.25807
3554.6	.25224
3555.5	.24659
3556.5	.24123
3557.4	.23609
3558.4	.23102
3559.4	.2259
3560.3	.22075
3561.3	.21575
3562.3	.21093
3563.2	.20619
3564.2	.20136
3565.2	.19637
3566.1	.19156
3567.1	.18728
3568.1	.18364
3569	.18034
3570	.17698
3570.9	.17336
3571.9	.16959
3572.9	.16589
3573.8	.16236
3574.8	.15894
3575.8	.15557
3576.7	.15223
3577.7	.14894
3578.7	.14574
3579.6	.14266
3580.6	.13973
3581.6	.13699
3582.5	.13433
3583.5	.13155
3584.4	.12857
3585.4	.12547
3586.4	.12258
3587.3	.12018
3588.3	.11834
3589.3	.11678
3590.2	.11511
3591.2	.11314
3592.2	.11094
3593.1	.10876
3594.1	.10678
3595.1	.10503
3596	.10339
3597	.10177
3597.9	.10006
3598.9	.09826
3599.9	.096432
3600.8	.094715
3601.8	.093169
3602.8	.091779
3603.7	.090421
3604.7	.088958
3605.7	.087285
3606.6	.085442
3607.6	.083645
3608.6	.082134
3609.5	.080964
3610.5	.079921
3611.4	.078749
3612.4	.077485
3613.4	.076336
3614.3	.075418
3615.3	.074506
3616.3	.07328
3617.2	.071677
3618.2	.070099
3619.2	.069003
3620.1	.068514
3621.1	.068245
3622.1	.067779
3623	.066947
3624	.065824
3625	.064393
3625.9	.062537
3626.9	.060364
3627.8	.058509
3628.8	.057672
3629.8	.057976
3630.7	.058781
3631.7	.059302
3632.7	.059269
3633.6	.058941
3634.6	.058669
3635.6	.058569
3636.5	.058511
3637.5	.058384
3638.5	.058183
3639.4	.05794
3640.4	.057692
3641.3	.057469
3642.3	.057314
3643.3	.057207
3644.2	.057039
3645.2	.056752
3646.2	.056418
3647.1	.056211
3648.1	.056467
3649.1	.057596
3650	.059883
3651	.063161
3652	.06685
3652.9	.07032
3653.9	.073452
3654.8	.076685
3655.8	.080708
3656.8	.085905
3657.7	.092097
3658.7	.098815
3659.7	.10578
3660.6	.11303
3661.6	.12075
3662.6	.12893
3663.5	.1374
3664.5	.14596
3665.5	.15444
3666.4	.16252
3667.4	.16986
3668.3	.1765
3669.3	.1829
3670.3	.18947
3671.2	.19567
3672.2	.20019
3673.2	.20215
3674.1	.20189
3675.1	.20065
3676.1	.19926
3677	.19741
3678	.1943
3679	.18962
3679.9	.18382
3680.9	.17754
3681.8	.17121
3682.8	.16505
3683.8	.15914
3684.7	.1534
3685.7	.14758
3686.7	.14159
3687.6	.13581
3688.6	.1307
3689.6	.12614
3690.5	.12151
3691.5	.11629
3692.5	.11046
3693.4	.10423
3694.4	.097729
3695.3	.090957
3696.3	.084084
3697.3	.07735
3698.2	.070856
3699.2	.064578
3700.2	.058655
3701.1	.053384
3702.1	.049042
3703.1	.045605
3704	.042814
3705	.040422
3706	.038278
3706.9	.036336
3707.9	.034561
3708.8	.032935
3709.8	.031501
3710.8	.030449
3711.7	.030013
3712.7	.030215
3713.7	.030776
3714.6	.03121
3715.6	.031204
3716.6	.030834
3717.5	.030383
3718.5	.029996
3719.5	.02958
3720.4	.029054
3721.4	.028535
3722.4	.028297
3723.3	.028371
3724.3	.028486
3725.2	.028395
3726.2	.028207
3727.2	.028105
3728.1	.027949
3729.1	.027384
3730.1	.026345
3731	.025262
3732	.024593
3733	.024242
3733.9	.023839
3734.9	.023384
3735.9	.023328
3736.8	.023929
3737.8	.024948
3738.7	.025935
3739.7	.026519
3740.7	.026331
3741.6	.025022
3742.6	.022852
3743.6	.021012
3744.5	.020824
3745.5	.022218
3746.5	.023713
3747.4	.023987
3748.4	.023069
3749.4	.021957
3750.3	.021534
3751.3	.021977
3752.2	.023014
3753.2	.02438
3754.2	.025739
3755.1	.02671
3756.1	.027069
3757.1	.026939
3758	.02665
3759	.026475
3760	.026561
3760.9	.026878
3761.9	.027234
3762.9	.027349
3763.8	.027151
3764.8	.026883
3765.7	.026753
3766.7	.026693
3767.7	.026445
3768.6	.026046
3769.6	.025865
3770.6	.026193
3771.5	.026844
3772.5	.027378
3773.5	.027527
3774.4	.027424
3775.4	.027256
3776.4	.027104
3777.3	.026878
3778.3	.026577
3779.2	.026329
3780.2	.026267
3781.2	.026352
3782.1	.026466
3783.1	.026489
3784.1	.026453
3785	.026441
3786	.0265
3787	.026547
3787.9	.026583
3788.9	.026638
3789.9	.026761
3790.8	.02687
3791.8	.026836
3792.7	.026511
3793.7	.025913
3794.7	.025263
3795.6	.024908
3796.6	.024936
3797.6	.02498
3798.5	.024396
3799.5	.023036
3800.5	.021672
3801.4	.021408
3802.4	.022431
3803.4	.023676
3804.3	.023957
3805.3	.023207
3806.2	.022447
3807.2	.022622
3808.2	.023559
3809.1	.02445
3810.1	.024838
3811.1	.024896
3812	.024758
3813	.024105
3814	.022715
3814.9	.021162
3815.9	.02053
3816.9	.021155
3817.8	.022105
3818.8	.022232
3819.7	.021461
3820.7	.020866
3821.7	.021355
3822.6	.022689
3823.6	.023837
3824.6	.024206
3825.5	.024056
3826.5	.023979
3827.5	.024156
3828.4	.024257
3829.4	.023963
3830.4	.023357
3831.3	.02285
3832.3	.022713
3833.3	.022786
3834.2	.022596
3835.2	.021862
3836.1	.020813
3837.1	.020085
3838.1	.020171
3839	.021
3840	.022033
3841	.022776
3841.9	.02307
3842.9	.023121
3843.9	.023202
3844.8	.023432
3845.8	.023708
3846.8	.023864
3847.7	.023719
3848.7	.023135
3849.6	.021895
3850.6	.019897
3851.6	.017453
3852.5	.015543
3853.5	.015239
3854.5	.016829
3855.4	.019405
3856.4	.021669
3857.4	.022868
3858.3	.023094
3859.3	.02291
3860.3	.02273
3861.2	.022551
3862.2	.022188
3863.1	.021695
3864.1	.02147
3865.1	.021759
3866	.022266
3867	.022333
3868	.021677
3868.9	.020821
3869.9	.020583
3870.9	.021165
3871.8	.021967
3872.8	.02235
3873.8	.022399
3874.7	.022661
3875.7	.023307
3876.6	.023828
3877.6	.02367
3878.6	.022869
3879.5	.02209
3880.5	.021951
3881.5	.022321
3882.4	.022576
3883.4	.022283
3884.4	.021743
3885.3	.021585
3886.3	.022095
3887.3	.022802
3888.2	.023012
3889.2	.022585
3890.1	.022028
3891.1	.021946
3892.1	.022436
3893	.023083
3894	.02349
3895	.023547
3895.9	.023324
3896.9	.022899
3897.9	.022385
3898.8	.021902
3899.8	.02154
3900.8	.021269
3901.7	.021049
3902.7	.02101
3903.6	.021346
3904.6	.022079
3905.6	.022959
3906.5	.023676
3907.5	.024133
3908.5	.024332
3909.4	.024337
3910.4	.024255
3911.4	.024189
3912.3	.024218
3913.3	.024237
3914.3	.024117
3915.2	.02385
3916.2	.023656
3917.1	.023693
3918.1	.023932
3919.1	.024166
3920	.024296
3921	.02435
3922	.024404
3922.9	.024464
3923.9	.024518
3924.9	.024552
3925.8	.024618
3926.8	.024725
3927.8	.024814
3928.7	.024784
3929.7	.024551
3930.7	.024223
3931.6	.024032
3932.6	.024169
3933.5	.024613
3934.5	.025034
3935.5	.025178
3936.4	.025064
3937.4	.024974
3938.4	.025037
3939.3	.025101
3940.3	.024939
3941.3	.024569
3942.2	.024267
3943.2	.024262
3944.2	.024492
3945.1	.024738
3946.1	.024828
3947	.024789
3948	.024702
3949	.024653
3949.9	.024661
3950.9	.024737
3951.9	.024884
3952.8	.02505
3953.8	.025135
3954.8	.025078
3955.7	.024932
3956.7	.024822
3957.7	.024813
3958.6	.02489
3959.6	.02497
3960.5	.025033
3961.5	.025075
3962.5	.025126
3963.4	.025175
3964.4	.025221
3965.4	.025257
3966.3	.025293
3967.3	.025301
3968.3	.025264
3969.2	.02522
3970.2	.025221
3971.2	.025233
3972.1	.025196
3973.1	.025114
3974	.025037
3975	.025026
3976	.025046
3976.9	.025051
3977.9	.025062
3978.9	.02513
3979.8	.025255
3980.8	.025392
3981.8	.025512
3982.7	.025617
3983.7	.025747
3984.7	.025845
3985.6	.025927
3986.6	.02604
3987.5	.026246
3988.5	.026499
3989.5	.026675
3990.4	.026659
3991.4	.026471
3992.4	.026252
3993.3	.026148
3994.3	.026155
3995.3	.026181
3996.2	.026172
3997.2	.026176
3998.2	.026245
3999.1	.026385
4000.1	.026501
