# Data taken from the Leiden Laboratory Ice Database
# Paper: Öberg et al, DOI: 10.1051/0004-6361:20065881

# Pure H2O (10000 L) - 15 K
# https://icedb.strw.leidenuniv.nl/data/13

Freq. Trans.
399.264 -0.0334679
400.228 -0.0549533
401.193 -0.0170572
402.157 0.000132936
403.122 -0.00602874
404.086 -0.00873979
405.050 -0.0116995
406.015 -0.00976412
406.979 -0.00507774
407.944 -0.00940992
408.908 -0.0142747
409.872 -0.0117928
410.837 -0.00878409
411.801 -0.00754303
412.766 0.00358836
413.730 0.0225550
414.694 -0.0126383
415.659 -0.0438973
416.623 -0.0289648
417.588 -0.0250502
418.552 -0.0246747
419.516 -0.0266390
420.481 -0.0281332
421.445 -0.0117034
422.410 -0.00192142
423.374 -0.0127267
424.339 -0.0138173
425.303 -0.0118034
426.267 -0.0136635
427.232 -0.0179373
428.196 -0.0131085
429.161 -0.00462090
430.125 -0.0100265
431.089 -0.0160855
432.054 -0.0147314
433.018 -0.0145036
433.983 -0.00773455
434.947 -0.000456155
435.911 -0.00949537
436.876 -0.0143142
437.840 -0.0126178
438.805 -0.0132326
439.769 -0.0145929
440.733 -0.0166659
441.698 -0.0147805
442.662 -0.00376143
443.627 -0.00457808
444.591 -0.0101175
445.555 -0.0101269
446.520 -0.0106301
447.484 -0.0118635
448.449 -0.0120368
449.413 -0.00992833
450.377 -0.0125052
451.342 -0.0124207
452.306 -0.0109338
453.271 -0.0110206
454.235 -0.0114740
455.199 -0.0113789
456.164 -0.0129975
457.128 -0.0147762
458.093 -0.0129841
459.057 -0.0123774
460.022 -0.0122966
460.986 -0.0113388
461.950 -0.0112659
462.915 -0.0103629
463.879 -0.0104750
464.844 -0.0106558
465.808 -0.0104049
466.772 -0.0104255
467.737 -0.0103970
468.701 -0.0105038
469.666 -0.00976991
470.630 -0.0126541
471.594 -0.0133883
472.559 -0.0113070
473.523 -0.0107602
474.488 -0.0101977
475.452 -0.00966412
476.416 -0.0108289
477.381 -0.0130202
478.345 -0.0107707
479.310 -0.00797984
480.274 -0.00814130
481.238 -0.00893746
482.203 -0.00955421
483.167 -0.00933055
484.132 -0.00933949
485.096 -0.00841725
486.060 -0.00755991
487.025 -0.00876412
487.989 -0.00970922
488.954 -0.00982247
489.918 -0.0117515
490.883 -0.0153739
491.847 -0.00955593
492.811 -0.00421375
493.776 -0.00565727
494.740 -0.00593060
495.705 -0.00656860
496.669 -0.00636893
497.633 -0.00743696
498.598 -0.0100658
499.562 -0.00872592
500.527 -0.00706647
501.491 -0.00702720
502.455 -0.00635151
503.420 -0.00642633
504.384 -0.00684967
505.349 -0.00639754
506.313 -0.00526361
507.277 -0.00523083
508.242 -0.00512041
509.206 -0.00536715
510.171 -0.00497545
511.135 -0.00410448
512.099 -0.00494933
513.064 -0.00544365
514.028 -0.00525997
514.993 -0.00486394
515.957 -0.00441637
516.921 -0.00490958
517.886 -0.00479864
518.850 -0.00416640
519.815 -0.00424957
520.779 -0.00440917
521.743 -0.00416987
522.708 -0.00399258
523.672 -0.00354624
524.637 -0.00418174
525.601 -0.00412470
526.565 -0.00174563
527.530 -0.00221697
528.494 -0.00365515
529.459 -0.00352603
530.423 -0.00412788
531.388 -0.00418659
532.352 -0.00440287
533.316 -0.00296559
534.281 -0.000796440
535.245 -0.00169362
536.210 -0.00210350
537.174 -0.00185149
538.138 -0.00183803
539.103 -0.00190024
540.067 -0.00160746
541.032 -0.000710967
541.996 -0.00118487
542.960 -0.00156911
543.925 -0.00105886
544.889 -0.00117208
545.854 -0.00136887
546.818 -0.00201275
547.782 -0.00182123
548.747 -0.000759577
549.711 -0.000789931
550.676 -0.000637768
551.640 -0.000357836
552.604 -0.000242408
553.569 -0.00106237
554.533 -0.000852355
555.498 0.000625374
556.462 0.000784272
557.427 0.000421089
558.391 0.000546074
559.355 0.000507651
560.320 0.000164647
561.284 0.000167110
562.249 0.00103549
563.213 0.00161424
564.177 0.00138309
565.142 0.000982148
566.106 0.00172158
567.071 0.00225792
568.035 0.00277674
568.999 0.00229565
569.964 0.000632374
570.928 0.00130827
571.893 0.00164788
572.857 0.00180116
573.821 0.00234894
574.786 0.00268693
575.750 0.00351759
576.715 0.00366947
577.679 0.00337392
578.643 0.00354706
579.608 0.00319742
580.572 0.00317734
581.537 0.00313529
582.501 0.00492340
583.465 0.00639041
584.430 0.00523643
585.394 0.00520882
586.359 0.00530143
587.323 0.00494631
588.287 0.00551648
589.252 0.00588907
590.216 0.00455803
591.181 0.00469891
592.145 0.00585145
593.109 0.00621869
594.074 0.00632564
595.038 0.00672247
596.003 0.00815861
596.967 0.00775982
597.932 0.00651635
598.896 0.00707754
599.860 0.00740423
600.825 0.00799274
601.789 0.00876912
602.754 0.0107279
603.718 0.0100655
604.682 0.00674253
605.647 0.00685340
606.611 0.00800914
607.576 0.00851870
608.540 0.00896453
609.504 0.00926025
610.469 0.00940689
611.433 0.00980720
612.398 0.0106741
613.362 0.0109652
614.326 0.0106628
615.291 0.0105706
616.255 0.0106510
617.220 0.0111666
618.184 0.0108845
619.148 0.0107587
620.113 0.0116668
621.077 0.0121655
622.042 0.0124797
623.006 0.0126641
623.971 0.0130337
624.935 0.0138081
625.899 0.0134584
626.864 0.0132633
627.828 0.0134733
628.793 0.0137994
629.757 0.0144497
630.721 0.0145966
631.686 0.0152109
632.650 0.0153326
633.615 0.0153267
634.579 0.0155933
635.543 0.0158555
636.508 0.0160411
637.472 0.0168871
638.437 0.0179852
639.401 0.0172238
640.365 0.0166523
641.330 0.0170068
642.294 0.0173744
643.259 0.0181006
644.223 0.0184009
645.187 0.0201014
646.152 0.0215433
647.116 0.0199624
648.081 0.0196919
649.045 0.0196849
650.009 0.0199968
650.974 0.0206813
651.938 0.0213692
652.903 0.0195336
653.867 0.0176472
654.831 0.0195667
655.796 0.0204140
656.760 0.0212501
657.725 0.0218654
658.689 0.0220228
659.654 0.0220387
660.618 0.0221128
661.582 0.0226712
662.547 0.0228397
663.511 0.0230807
664.476 0.0234766
665.440 0.0240610
666.404 0.0239469
667.369 0.0220525
668.333 0.0225729
669.298 0.0242903
670.262 0.0251501
671.226 0.0259599
672.191 0.0260954
673.155 0.0263682
674.120 0.0265540
675.084 0.0267442
676.048 0.0273022
677.013 0.0277547
677.977 0.0281652
678.942 0.0283436
679.906 0.0295399
680.870 0.0292973
681.835 0.0266661
682.799 0.0268962
683.764 0.0279912
684.728 0.0284789
685.692 0.0292216
686.657 0.0296621
687.621 0.0301895
688.586 0.0305444
689.550 0.0306840
690.514 0.0308540
691.479 0.0310869
692.443 0.0312170
693.408 0.0315070
694.372 0.0314465
695.337 0.0314626
696.301 0.0317656
697.265 0.0319360
698.230 0.0319033
699.194 0.0322376
700.159 0.0315086
701.123 0.0318735
702.087 0.0420820
703.052 0.0442406
704.016 0.0381640
704.981 0.0372159
705.945 0.0359050
706.909 0.0359664
707.874 0.0363548
708.838 0.0373959
709.803 0.0376106
710.767 0.0366441
711.731 0.0366535
712.696 0.0368241
713.660 0.0368076
714.625 0.0371435
715.589 0.0375391
716.553 0.0375092
717.518 0.0375392
718.482 0.0376057
719.447 0.0377789
720.411 0.0383590
721.375 0.0384318
722.340 0.0385800
723.304 0.0391375
724.269 0.0392540
725.233 0.0389060
726.198 0.0389861
727.162 0.0394011
728.126 0.0394895
729.091 0.0395222
730.055 0.0395427
731.020 0.0398109
731.984 0.0402860
732.948 0.0404167
733.913 0.0407032
734.877 0.0407266
735.842 0.0405933
736.806 0.0407714
737.770 0.0407728
738.735 0.0409466
739.699 0.0412834
740.664 0.0415124
741.628 0.0414962
742.592 0.0415477
743.557 0.0418674
744.521 0.0421418
745.486 0.0420216
746.450 0.0420135
747.414 0.0422406
748.379 0.0422908
749.343 0.0421992
750.308 0.0423594
751.272 0.0425870
752.236 0.0421744
753.201 0.0422223
754.165 0.0425115
755.130 0.0424738
756.094 0.0427502
757.058 0.0435709
758.023 0.0451671
758.987 0.0450192
759.952 0.0435766
760.916 0.0434773
761.880 0.0435269
762.845 0.0433905
763.809 0.0431314
764.774 0.0436474
765.738 0.0440105
766.703 0.0432707
767.667 0.0431560
768.631 0.0432358
769.596 0.0431590
770.560 0.0431335
771.525 0.0431798
772.489 0.0434259
773.453 0.0433863
774.418 0.0433775
775.382 0.0432982
776.347 0.0431877
777.311 0.0430760
778.275 0.0431970
779.240 0.0434421
780.204 0.0432381
781.169 0.0431864
782.133 0.0431088
783.097 0.0431198
784.062 0.0430786
785.026 0.0429247
785.991 0.0428168
786.955 0.0427706
787.919 0.0428501
788.884 0.0427520
789.848 0.0426002
790.813 0.0425463
791.777 0.0424995
792.742 0.0421732
793.706 0.0428083
794.670 0.0431839
795.635 0.0427278
796.599 0.0425876
797.564 0.0425174
798.528 0.0424303
799.492 0.0420587
800.457 0.0418568
801.421 0.0419332
802.386 0.0417881
803.350 0.0416225
804.314 0.0416938
805.279 0.0415331
806.243 0.0416478
807.208 0.0416810
808.172 0.0411833
809.136 0.0408123
810.101 0.0407960
811.065 0.0406314
812.030 0.0402033
812.994 0.0400341
813.958 0.0403358
814.923 0.0407741
815.887 0.0405178
816.852 0.0401149
817.816 0.0398503
818.780 0.0397018
819.745 0.0395797
820.709 0.0394841
821.674 0.0390100
822.638 0.0387104
823.602 0.0387579
824.567 0.0386309
825.531 0.0386111
826.496 0.0384236
827.460 0.0381478
828.424 0.0379595
829.389 0.0381245
830.353 0.0380453
831.318 0.0377434
832.282 0.0374240
833.247 0.0372201
834.211 0.0370016
835.175 0.0367438
836.140 0.0365982
837.104 0.0362502
838.069 0.0362063
839.033 0.0361787
839.997 0.0358991
840.962 0.0357394
841.926 0.0353696
842.891 0.0348686
843.855 0.0348388
844.819 0.0348520
845.784 0.0347046
846.748 0.0345394
847.713 0.0341484
848.677 0.0341761
849.641 0.0345502
850.606 0.0340642
851.570 0.0335341
852.535 0.0332052
853.499 0.0329202
854.463 0.0329434
855.428 0.0326136
856.392 0.0324294
857.357 0.0323528
858.321 0.0318719
859.286 0.0314229
860.250 0.0312095
861.214 0.0309082
862.179 0.0306523
863.143 0.0304442
864.108 0.0300073
865.072 0.0297394
866.036 0.0297948
867.001 0.0296427
867.965 0.0292391
868.930 0.0289920
869.894 0.0287778
870.858 0.0284570
871.823 0.0282394
872.787 0.0280527
873.752 0.0278891
874.716 0.0276691
875.680 0.0274852
876.645 0.0274091
877.609 0.0271972
878.574 0.0267148
879.538 0.0260812
880.502 0.0257659
881.467 0.0256324
882.431 0.0254643
883.396 0.0251625
884.360 0.0246136
885.324 0.0244975
886.289 0.0243859
887.253 0.0241069
888.218 0.0237825
889.182 0.0233119
890.146 0.0230987
891.111 0.0228547
892.075 0.0225964
893.040 0.0225009
894.004 0.0221309
894.969 0.0216720
895.933 0.0213238
896.897 0.0211788
897.862 0.0206640
898.826 0.0208756
899.791 0.0216262
900.755 0.0207920
901.719 0.0200445
902.684 0.0197662
903.648 0.0193730
904.613 0.0191829
905.577 0.0190202
906.541 0.0185838
907.506 0.0181307
908.470 0.0178552
909.435 0.0175572
910.399 0.0172033
911.363 0.0165597
912.328 0.0164953
913.292 0.0171706
914.257 0.0167787
915.221 0.0161945
916.185 0.0159767
917.150 0.0157014
918.114 0.0151016
919.079 0.0148610
920.043 0.0151769
921.007 0.0145312
921.972 0.0138925
922.936 0.0136580
923.901 0.0132515
924.865 0.0131561
925.829 0.0126491
926.794 0.0115625
927.758 0.0114137
928.723 0.0116481
929.687 0.0115391
930.651 0.0111196
931.616 0.0108070
932.580 0.00992124
933.545 0.00918427
934.509 0.0100433
935.474 0.0103666
936.438 0.00981501
937.402 0.00966230
938.367 0.00948010
939.331 0.00901908
940.296 0.00856377
941.260 0.00795983
942.224 0.00787169
943.189 0.00771356
944.153 0.00741174
945.118 0.00712989
946.082 0.00668704
947.046 0.00603794
948.011 0.00635959
948.975 0.00710211
949.940 0.00639889
950.904 0.00578613
951.868 0.00547569
952.833 0.00517003
953.797 0.00486899
954.762 0.00503755
955.726 0.00524087
956.690 0.00479762
957.655 0.00439573
958.619 0.00413858
959.584 0.00381639
960.548 0.00359249
961.513 0.00375931
962.477 0.00391123
963.441 0.00350024
964.406 0.00296559
965.370 0.00265967
966.335 0.00240296
967.299 0.00233505
968.263 0.00225053
969.228 0.00198837
970.192 0.00185750
971.157 0.00175990
972.121 0.00140236
973.085 0.000975357
974.050 0.000893228
975.014 0.00107368
975.979 0.000562978
976.943 -1.63123e-05
977.907 0.000164369
978.872 0.000358766
979.836 0.000360014
980.801 0.000140628
981.765 8.89027e-05
982.729 0.000290931
983.694 4.67825e-05
984.658 -0.000313282
985.623 -0.000446609
986.587 -0.000615608
987.551 -0.000554416
988.516 -0.000743387
989.480 -7.11802e-05
990.445 0.000503315
991.409 -0.000756636
992.373 -0.00123085
993.338 -0.00114566
994.302 -0.00108797
995.267 -0.00107192
996.231 -0.000982856
997.195 -0.000941301
998.160 -0.00145281
999.124 -0.00148282
1000.09 -0.00146945
1001.05 -0.00161722
1002.02 -0.00159469
1002.98 -0.00176255
1003.95 -0.00154358
1004.91 -0.00121401
1005.88 -0.00145555
1006.84 -0.00159677
1007.80 -0.00179208
1008.77 -0.00197197
1009.73 -0.00203592
1010.70 -0.00248341
1011.66 -0.00205115
1012.63 -0.00142311
1013.59 -0.00161578
1014.55 -0.00169290
1015.52 -0.00181686
1016.48 -0.00209226
1017.45 -0.00200324
1018.41 -0.00185399
1019.38 -0.00214158
1020.34 -0.00210604
1021.31 -0.00188271
1022.27 -0.00201164
1023.23 -0.00224576
1024.20 -0.00221177
1025.16 -0.00226141
1026.13 -0.00226928
1027.09 -0.00212713
1028.06 -0.00218772
1029.02 -0.00232599
1029.99 -0.00223140
1030.95 -0.00228142
1031.91 -0.00226968
1032.88 -0.00218749
1033.84 -0.00232733
1034.81 -0.00241254
1035.77 -0.00245240
1036.74 -0.00231637
1037.70 -0.00224952
1038.66 -0.00227163
1039.63 -0.00220175
1040.59 -0.00217282
1041.56 -0.00234182
1042.52 -0.00245229
1043.49 -0.00237581
1044.45 -0.00228612
1045.42 -0.00233864
1046.38 -0.00213861
1047.34 -0.00199371
1048.31 -0.00221016
1049.27 -0.00221486
1050.24 -0.00220153
1051.20 -0.00207065
1052.17 -0.00209556
1053.13 -0.00185520
1054.10 -0.00172753
1055.06 -0.00213669
1056.02 -0.00215191
1056.99 -0.00221904
1057.95 -0.00229877
1058.92 -0.00212785
1059.88 -0.00227379
1060.85 -0.00253547
1061.81 -0.00237906
1062.78 -0.00213457
1063.74 -0.00224253
1064.70 -0.00225305
1065.67 -0.00228161
1066.63 -0.00211634
1067.60 -0.00149157
1068.56 -0.00173516
1069.53 -0.00201095
1070.49 -0.00200678
1071.45 -0.00206231
1072.42 -0.00203209
1073.38 -0.00191260
1074.35 -0.00144811
1075.31 -0.00147967
1076.28 -0.00185230
1077.24 -0.00204950
1078.21 -0.00222251
1079.17 -0.00226041
1080.13 -0.00212516
1081.10 -0.00125655
1082.06 -0.00107665
1083.03 -0.00177188
1083.99 -0.00172999
1084.96 -0.00169392
1085.92 -0.00173251
1086.89 -0.00206607
1087.85 -0.00186056
1088.81 -0.000943259
1089.78 -0.00125880
1090.74 -0.00160327
1091.71 -0.00154050
1092.67 -0.00172941
1093.64 -0.00181074
1094.60 -0.00175782
1095.56 -0.00180473
1096.53 -0.00178054
1097.49 -0.00181705
1098.46 -0.00196896
1099.42 -0.00184152
1100.39 -0.00176336
1101.35 -0.00193339
1102.32 -0.00156406
1103.28 -0.00125445
1104.24 -0.00161704
1105.21 -0.00176105
1106.17 -0.00165377
1107.14 -0.00146203
1108.10 -0.00157015
1109.07 -0.00158898
1110.03 -0.00157864
1111.00 -0.00164406
1111.96 -0.00154824
1112.92 -0.00149100
1113.89 -0.00162972
1114.85 -0.00179014
1115.82 -0.00181426
1116.78 -0.00141378
1117.75 -0.00138059
1118.71 -0.00174954
1119.68 -0.00169512
1120.64 -0.00148987
1121.60 -0.00142235
1122.57 -0.00139698
1123.53 -0.00124005
1124.50 -0.00139348
1125.46 -0.00152312
1126.43 -0.00148510
1127.39 -0.00157022
1128.35 -0.00157509
1129.32 -0.00149028
1130.28 -0.00147770
1131.25 -0.00166002
1132.21 -0.00160598
1133.18 -0.00139473
1134.14 -0.00138501
1135.11 -0.00142739
1136.07 -0.00136376
1137.03 -0.00157261
1138.00 -0.00172293
1138.96 -0.00130620
1139.93 -0.00120522
1140.89 -0.00139850
1141.86 -0.00152718
1142.82 -0.00136710
1143.79 -0.00139702
1144.75 -0.00155953
1145.71 -0.00126676
1146.68 -0.00110307
1147.64 -0.00121052
1148.61 -0.00132344
1149.57 -0.00139615
1150.54 -0.00135786
1151.50 -0.00113927
1152.46 -0.00100509
1153.43 -0.00104969
1154.39 -0.00115702
1155.36 -0.00120586
1156.32 -0.00116359
1157.29 -0.000998286
1158.25 -0.00118060
1159.22 -0.00151917
1160.18 -0.00132021
1161.14 -0.00112536
1162.11 -0.00101588
1163.07 -0.000877204
1164.04 -0.000887624
1165.00 -0.000785362
1165.97 -0.000649498
1166.93 -0.000841707
1167.90 -0.00103247
1168.86 -0.00114646
1169.82 -0.00113922
1170.79 -0.00104158
1171.75 -0.000725464
1172.72 -0.000671201
1173.68 -0.000967098
1174.65 -0.000851827
1175.61 -0.000868189
1176.57 -0.00105884
1177.54 -0.000971765
1178.50 -0.00117245
1179.47 -0.00137774
1180.43 -0.000805413
1181.40 -0.000616711
1182.36 -0.000811830
1183.33 -0.000833502
1184.29 -0.000746632
1185.25 -0.000663360
1186.22 -0.000640584
1187.18 -0.000495223
1188.15 -0.000590511
1189.11 -0.000709816
1190.08 -0.000578538
1191.04 -0.000539004
1192.01 -0.000625540
1192.97 -0.000391135
1193.93 -0.000121152
1194.90 -0.000391038
1195.86 -0.000554261
1196.83 -0.000371111
1197.79 -0.000270616
1198.76 -0.000330559
1199.72 -0.000275950
1200.69 -0.000312307
1201.65 -0.000428549
1202.61 -0.000255962
1203.58 -0.000276758
1204.54 -0.000380022
1205.51 -0.000328923
1206.47 -0.000252282
1207.44 -0.000245716
1208.40 -0.000427547
1209.36 -0.000304957
1210.33 -0.000110122
1211.29 -5.66544e-05
1212.26 -0.000158714
1213.22 -0.000315460
1214.19 -0.000159274
1215.15 -0.000103711
1216.12 -3.30990e-05
1217.08 7.40082e-05
1218.04 -4.75207e-06
1219.01 0.000136863
1219.97 0.000207336
1220.94 5.51061e-05
1221.90 0.000102258
1222.87 0.000159755
1223.83 0.000151521
1224.80 0.000177136
1225.76 0.000187339
1226.72 0.000178067
1227.69 0.000185627
1228.65 0.000260211
1229.62 0.000394788
1230.58 0.000460458
1231.55 0.000453193
1232.51 0.000427870
1233.47 0.000191649
1234.44 0.000206932
1235.40 0.000414590
1236.37 0.000320239
1237.33 0.000327021
1238.30 0.000396618
1239.26 0.000454136
1240.23 0.000545838
1241.19 0.000648302
1242.15 0.000650304
1243.12 0.000606303
1244.08 0.000589309
1245.05 0.000674896
1246.01 0.000742919
1246.98 0.000741510
1247.94 0.000660305
1248.91 0.000792048
1249.87 0.000909169
1250.83 0.000796048
1251.80 0.000887717
1252.76 0.000981531
1253.73 0.000985554
1254.69 0.000968264
1255.66 0.000868807
1256.62 0.000950132
1257.59 0.00103021
1258.55 0.000900754
1259.51 0.00101356
1260.48 0.00108792
1261.44 0.00105762
1262.41 0.00101671
1263.37 0.00111881
1264.34 0.00120822
1265.30 0.00109312
1266.26 0.00105627
1267.23 0.00102849
1268.19 0.00109190
1269.16 0.00115959
1270.12 0.00108312
1271.09 0.00115454
1272.05 0.00136435
1273.02 0.00146710
1273.98 0.00147079
1274.94 0.00150216
1275.91 0.00160545
1276.87 0.00162137
1277.84 0.00166690
1278.80 0.00174806
1279.77 0.00170632
1280.73 0.00171171
1281.70 0.00182658
1282.66 0.00182213
1283.62 0.00186863
1284.59 0.00178999
1285.55 0.00167830
1286.52 0.00176618
1287.48 0.00173818
1288.45 0.00177021
1289.41 0.00192390
1290.37 0.00194527
1291.34 0.00188502
1292.30 0.00196014
1293.27 0.00204443
1294.23 0.00198328
1295.20 0.00200301
1296.16 0.00207692
1297.13 0.00212764
1298.09 0.00221253
1299.05 0.00221599
1300.02 0.00234356
1300.98 0.00238448
1301.95 0.00228905
1302.91 0.00238171
1303.88 0.00250940
1304.84 0.00252249
1305.81 0.00254897
1306.77 0.00264974
1307.73 0.00267719
1308.70 0.00255867
1309.66 0.00255880
1310.63 0.00263603
1311.59 0.00273935
1312.56 0.00281950
1313.52 0.00272858
1314.48 0.00270158
1315.45 0.00272740
1316.41 0.00281212
1317.38 0.00283776
1318.34 0.00287460
1319.31 0.00296658
1320.27 0.00292032
1321.24 0.00292483
1322.20 0.00304163
1323.16 0.00311834
1324.13 0.00319306
1325.09 0.00325646
1326.06 0.00333072
1327.02 0.00335557
1327.99 0.00314927
1328.95 0.00308885
1329.92 0.00324741
1330.88 0.00337930
1331.84 0.00338847
1332.81 0.00333700
1333.77 0.00340440
1334.74 0.00346315
1335.70 0.00349427
1336.67 0.00341185
1337.63 0.00328718
1338.60 0.00329497
1339.56 0.00339421
1340.52 0.00335479
1341.49 0.00330576
1342.45 0.00340738
1343.42 0.00341614
1344.38 0.00348222
1345.35 0.00353421
1346.31 0.00353057
1347.27 0.00364365
1348.24 0.00365716
1349.20 0.00332450
1350.17 0.00300001
1351.13 0.00313910
1352.10 0.00326761
1353.06 0.00327980
1354.03 0.00318244
1354.99 0.00299826
1355.95 0.00324219
1356.92 0.00345632
1357.88 0.00334952
1358.85 0.00328688
1359.81 0.00328388
1360.78 0.00325679
1361.74 0.00335309
1362.71 0.00347982
1363.67 0.00361009
1364.63 0.00378551
1365.60 0.00386087
1366.56 0.00396849
1367.53 0.00408587
1368.49 0.00411749
1369.46 0.00406473
1370.42 0.00397497
1371.38 0.00410303
1372.35 0.00419793
1373.31 0.00409604
1374.28 0.00413656
1375.24 0.00419172
1376.21 0.00430997
1377.17 0.00456592
1378.14 0.00458602
1379.10 0.00443437
1380.06 0.00445549
1381.03 0.00442692
1381.99 0.00431437
1382.96 0.00422748
1383.92 0.00413987
1384.89 0.00407375
1385.85 0.00404573
1386.82 0.00412763
1387.78 0.00416444
1388.74 0.00409207
1389.71 0.00419133
1390.67 0.00428537
1391.64 0.00413371
1392.60 0.00416679
1393.57 0.00420696
1394.53 0.00411161
1395.50 0.00417017
1396.46 0.00418950
1397.42 0.00414815
1398.39 0.00418014
1399.35 0.00421293
1400.32 0.00426113
1401.28 0.00430786
1402.25 0.00424474
1403.21 0.00406379
1404.17 0.00387690
1405.14 0.00418061
1406.10 0.00457958
1407.07 0.00461817
1408.03 0.00474429
1409.00 0.00487418
1409.96 0.00494022
1410.93 0.00497786
1411.89 0.00497332
1412.85 0.00496731
1413.82 0.00492033
1414.78 0.00478866
1415.75 0.00474478
1416.71 0.00486557
1417.68 0.00507257
1418.64 0.00517432
1419.61 0.00515487
1420.57 0.00512573
1421.53 0.00505465
1422.50 0.00506223
1423.46 0.00516699
1424.43 0.00518447
1425.39 0.00523642
1426.36 0.00541303
1427.32 0.00547995
1428.28 0.00538783
1429.25 0.00531541
1430.21 0.00533722
1431.18 0.00544640
1432.14 0.00557770
1433.11 0.00563676
1434.07 0.00566513
1435.04 0.00566114
1436.00 0.00565022
1436.96 0.00565362
1437.93 0.00573351
1438.89 0.00569703
1439.86 0.00563548
1440.82 0.00581210
1441.79 0.00588642
1442.75 0.00587781
1443.72 0.00595526
1444.68 0.00605797
1445.64 0.00602656
1446.61 0.00597508
1447.57 0.00607418
1448.54 0.00607623
1449.50 0.00609837
1450.47 0.00605132
1451.43 0.00601424
1452.40 0.00612142
1453.36 0.00625261
1454.32 0.00631066
1455.29 0.00633778
1456.25 0.00644053
1457.22 0.00637502
1458.18 0.00633398
1459.15 0.00634056
1460.11 0.00634173
1461.07 0.00634669
1462.04 0.00645080
1463.00 0.00656716
1463.97 0.00657622
1464.93 0.00661614
1465.90 0.00658108
1466.86 0.00655959
1467.83 0.00665954
1468.79 0.00667549
1469.75 0.00672202
1470.72 0.00670041
1471.68 0.00659091
1472.65 0.00669970
1473.61 0.00675823
1474.58 0.00676183
1475.54 0.00676488
1476.51 0.00679103
1477.47 0.00686510
1478.43 0.00702314
1479.40 0.00712487
1480.36 0.00707377
1481.33 0.00709677
1482.29 0.00717525
1483.26 0.00723681
1484.22 0.00728444
1485.18 0.00726666
1486.15 0.00720430
1487.11 0.00734593
1488.08 0.00749776
1489.04 0.00736226
1490.01 0.00740714
1490.97 0.00749978
1491.94 0.00744466
1492.90 0.00751552
1493.86 0.00768160
1494.83 0.00769534
1495.79 0.00775672
1496.76 0.00780428
1497.72 0.00767284
1498.69 0.00770348
1499.65 0.00774169
1500.62 0.00774415
1501.58 0.00785694
1502.54 0.00802936
1503.51 0.00807082
1504.47 0.00816976
1505.44 0.00814143
1506.40 0.00811646
1507.37 0.00821649
1508.33 0.00816936
1509.29 0.00828223
1510.26 0.00838656
1511.22 0.00832502
1512.19 0.00836913
1513.15 0.00846770
1514.12 0.00845600
1515.08 0.00849310
1516.05 0.00855258
1517.01 0.00846987
1517.97 0.00853914
1518.94 0.00862065
1519.90 0.00859627
1520.87 0.00868640
1521.83 0.00875562
1522.80 0.00885882
1523.76 0.00885342
1524.73 0.00882214
1525.69 0.00898024
1526.65 0.00909904
1527.62 0.00904894
1528.58 0.00896441
1529.55 0.00910128
1530.51 0.00922774
1531.48 0.00924182
1532.44 0.00925191
1533.41 0.00932249
1534.37 0.00940260
1535.33 0.00940444
1536.30 0.00943758
1537.26 0.00953956
1538.23 0.00969039
1539.19 0.00963818
1540.16 0.00956830
1541.12 0.00963799
1542.08 0.00968002
1543.05 0.00975583
1544.01 0.00990315
1544.98 0.00994669
1545.94 0.00986041
1546.91 0.00992663
1547.87 0.0101351
1548.84 0.0102412
1549.80 0.0102768
1550.76 0.0103726
1551.73 0.0103971
1552.69 0.0104040
1553.66 0.0103356
1554.62 0.0103339
1555.59 0.0104654
1556.55 0.0105680
1557.52 0.0105739
1558.48 0.0104619
1559.44 0.0105082
1560.41 0.0106073
1561.37 0.0107114
1562.34 0.0107283
1563.30 0.0107848
1564.27 0.0109049
1565.23 0.0109977
1566.19 0.0110543
1567.16 0.0110117
1568.12 0.0110527
1569.09 0.0111542
1570.05 0.0112281
1571.02 0.0112647
1571.98 0.0113576
1572.95 0.0114771
1573.91 0.0115194
1574.87 0.0115482
1575.84 0.0115939
1576.80 0.0117593
1577.77 0.0118404
1578.73 0.0118351
1579.70 0.0119666
1580.66 0.0119428
1581.63 0.0119731
1582.59 0.0120292
1583.55 0.0119299
1584.52 0.0120504
1585.48 0.0122167
1586.45 0.0123141
1587.41 0.0124556
1588.38 0.0125647
1589.34 0.0125615
1590.31 0.0126297
1591.27 0.0127340
1592.23 0.0128633
1593.20 0.0130081
1594.16 0.0130152
1595.13 0.0129808
1596.09 0.0129683
1597.06 0.0131619
1598.02 0.0133210
1598.98 0.0134142
1599.95 0.0135724
1600.91 0.0136910
1601.88 0.0137489
1602.84 0.0138630
1603.81 0.0140963
1604.77 0.0142044
1605.74 0.0142594
1606.70 0.0144406
1607.66 0.0146286
1608.63 0.0147721
1609.59 0.0148581
1610.56 0.0149142
1611.52 0.0150602
1612.49 0.0151970
1613.45 0.0154168
1614.42 0.0156250
1615.38 0.0157476
1616.34 0.0159615
1617.31 0.0162255
1618.27 0.0164454
1619.24 0.0166104
1620.20 0.0168653
1621.17 0.0171867
1622.13 0.0175614
1623.09 0.0178921
1624.06 0.0181618
1625.02 0.0184147
1625.99 0.0186293
1626.95 0.0188997
1627.92 0.0192874
1628.88 0.0195778
1629.85 0.0197831
1630.81 0.0201473
1631.77 0.0204353
1632.74 0.0206845
1633.70 0.0208544
1634.67 0.0210055
1635.63 0.0212471
1636.60 0.0214687
1637.56 0.0216059
1638.53 0.0217452
1639.49 0.0220264
1640.45 0.0222245
1641.42 0.0222256
1642.38 0.0222642
1643.35 0.0224447
1644.31 0.0225009
1645.28 0.0224742
1646.24 0.0224887
1647.20 0.0225137
1648.17 0.0226784
1649.13 0.0227339
1650.10 0.0226834
1651.06 0.0227231
1652.03 0.0226822
1652.99 0.0226654
1653.96 0.0227175
1654.92 0.0226670
1655.88 0.0226508
1656.85 0.0227250
1657.81 0.0226109
1658.78 0.0225118
1659.74 0.0225922
1660.71 0.0226003
1661.67 0.0225618
1662.64 0.0224797
1663.60 0.0225164
1664.56 0.0226185
1665.53 0.0225328
1666.49 0.0224193
1667.46 0.0224263
1668.42 0.0223080
1669.39 0.0221696
1670.35 0.0221192
1671.32 0.0221073
1672.28 0.0221037
1673.24 0.0219824
1674.21 0.0219215
1675.17 0.0219054
1676.14 0.0218010
1677.10 0.0216748
1678.07 0.0216485
1679.03 0.0216135
1679.99 0.0215336
1680.96 0.0214163
1681.92 0.0213438
1682.89 0.0212884
1683.85 0.0210241
1684.82 0.0208622
1685.78 0.0208362
1686.75 0.0206812
1687.71 0.0205658
1688.67 0.0203918
1689.64 0.0201856
1690.60 0.0200162
1691.57 0.0198007
1692.53 0.0195817
1693.50 0.0194120
1694.46 0.0191910
1695.43 0.0189469
1696.39 0.0187497
1697.35 0.0185721
1698.32 0.0183640
1699.28 0.0180998
1700.25 0.0179096
1701.21 0.0177393
1702.18 0.0175180
1703.14 0.0172670
1704.10 0.0169945
1705.07 0.0167058
1706.03 0.0164728
1707.00 0.0162572
1707.96 0.0159337
1708.93 0.0155873
1709.89 0.0154261
1710.86 0.0153028
1711.82 0.0149803
1712.78 0.0146607
1713.75 0.0144143
1714.71 0.0140988
1715.68 0.0137735
1716.64 0.0134744
1717.61 0.0132669
1718.57 0.0130514
1719.54 0.0127383
1720.50 0.0124375
1721.46 0.0121469
1722.43 0.0118968
1723.39 0.0115412
1724.36 0.0112142
1725.32 0.0110821
1726.29 0.0108953
1727.25 0.0106130
1728.22 0.0103102
1729.18 0.0100271
1730.14 0.00981424
1731.11 0.00960847
1732.07 0.00934608
1733.04 0.00903205
1734.00 0.00884202
1734.97 0.00869621
1735.93 0.00847214
1736.89 0.00825911
1737.86 0.00806221
1738.82 0.00785405
1739.79 0.00769162
1740.75 0.00753654
1741.72 0.00737550
1742.68 0.00715236
1743.65 0.00696108
1744.61 0.00684963
1745.57 0.00660547
1746.54 0.00641983
1747.50 0.00628255
1748.47 0.00613273
1749.43 0.00599389
1750.40 0.00586989
1751.36 0.00572064
1752.33 0.00561952
1753.29 0.00547199
1754.25 0.00527256
1755.22 0.00520535
1756.18 0.00496840
1757.15 0.00477108
1758.11 0.00488033
1759.08 0.00484489
1760.04 0.00464612
1761.00 0.00448796
1761.97 0.00436259
1762.93 0.00443598
1763.90 0.00438073
1764.86 0.00410212
1765.83 0.00406808
1766.79 0.00403032
1767.76 0.00387903
1768.72 0.00376908
1769.68 0.00360991
1770.65 0.00356774
1771.61 0.00355207
1772.58 0.00343530
1773.54 0.00339816
1774.51 0.00331613
1775.47 0.00331694
1776.44 0.00332665
1777.40 0.00326508
1778.36 0.00311608
1779.33 0.00304458
1780.29 0.00308757
1781.26 0.00293635
1782.22 0.00283100
1783.19 0.00278210
1784.15 0.00277861
1785.11 0.00274702
1786.08 0.00257406
1787.04 0.00252826
1788.01 0.00255289
1788.97 0.00250867
1789.94 0.00252209
1790.90 0.00239485
1791.87 0.00220006
1792.83 0.00218091
1793.79 0.00228295
1794.76 0.00231534
1795.72 0.00218507
1796.69 0.00208814
1797.65 0.00214416
1798.62 0.00211461
1799.58 0.00208362
1800.55 0.00208506
1801.51 0.00195855
1802.47 0.00190153
1803.44 0.00192235
1804.40 0.00182522
1805.37 0.00175093
1806.33 0.00185268
1807.30 0.00179818
1808.26 0.00168532
1809.23 0.00171841
1810.19 0.00171793
1811.15 0.00168935
1812.12 0.00161522
1813.08 0.00142182
1814.05 0.00134077
1815.01 0.00141687
1815.98 0.00146100
1816.94 0.00154658
1817.90 0.00144595
1818.87 0.00129216
1819.83 0.00144242
1820.80 0.00148682
1821.76 0.00140397
1822.73 0.00137485
1823.69 0.00129578
1824.66 0.00124475
1825.62 0.00123997
1826.58 0.00120898
1827.55 0.00127084
1828.51 0.00128353
1829.48 0.00107207
1830.44 0.00107295
1831.41 0.00111788
1832.37 0.00106015
1833.34 0.00111806
1834.30 0.00100302
1835.26 0.000989965
1836.23 0.00105785
1837.19 0.00104759
1838.16 0.00108037
1839.12 0.000989288
1840.09 0.000851451
1841.05 0.000869660
1842.01 0.000906264
1842.98 0.000843702
1843.94 0.000853488
1844.91 0.000961417
1845.87 0.000918390
1846.84 0.000605304
1847.80 0.000658666
1848.77 0.000888165
1849.73 0.000819311
1850.69 0.000863752
1851.66 0.000866531
1852.62 0.000783959
1853.59 0.000739923
1854.55 0.000704038
1855.52 0.000718188
1856.48 0.000786087
1857.45 0.000732523
1858.41 0.000601711
1859.37 0.000693391
1860.34 0.000705206
1861.30 0.000674775
1862.27 0.000725875
1863.23 0.000703325
1864.20 0.000661114
1865.16 0.000664153
1866.12 0.000661686
1867.09 0.000615452
1868.05 0.000595273
1869.02 0.000548425
1869.98 0.000518231
1870.95 0.000397368
1871.91 0.000369563
1872.88 0.000561588
1873.84 0.000573265
1874.80 0.000488835
1875.77 0.000491641
1876.73 0.000569697
1877.70 0.000540789
1878.66 0.000417833
1879.63 0.000377611
1880.59 0.000410940
1881.56 0.000421504
1882.52 0.000360419
1883.48 0.000321328
1884.45 0.000371670
1885.41 0.000391168
1886.38 0.000400997
1887.34 0.000428079
1888.31 0.000292195
1889.27 0.000235864
1890.24 0.000199764
1891.20 0.000209319
1892.16 0.000236467
1893.13 0.000258850
1894.09 0.000294981
1895.06 0.000266753
1896.02 0.000381371
1896.99 0.000420227
1897.95 0.000327830
1898.91 0.000221432
1899.88 0.000142264
1900.84 0.000182948
1901.81 0.000269270
1902.77 0.000356640
1903.74 0.000386347
1904.70 0.000295504
1905.67 0.000249698
1906.63 0.000234442
1907.59 0.000201681
1908.56 0.000142353
1909.52 0.000135677
1910.49 0.000292534
1911.45 0.000302144
1912.42 0.000230390
1913.38 0.000230585
1914.35 0.000230215
1915.31 0.000234299
1916.27 0.000224377
1917.24 0.000248084
1918.20 0.000229145
1919.17 0.000226945
1920.13 0.000154391
1921.10 6.66743e-05
1922.06 0.000113010
1923.03 0.000178079
1923.99 0.000194499
1924.95 0.000182416
1925.92 0.000120763
1926.88 0.000104166
1927.85 0.000130897
1928.81 9.52873e-05
1929.78 6.05043e-05
1930.74 2.01799e-05
1931.70 9.70457e-05
1932.67 0.000191647
1933.63 0.000209600
1934.60 0.000186285
1935.56 0.000126226
1936.53 0.000104695
1937.49 8.60216e-05
1938.46 6.06785e-05
1939.42 6.52922e-05
1940.38 0.000149598
1941.35 0.000187934
1942.31 0.000234328
1943.28 0.000298650
1944.24 0.000252829
1945.21 0.000191837
1946.17 0.000210305
1947.14 0.000234298
1948.10 0.000222652
1949.06 0.000153496
1950.03 4.46718e-05
1950.99 0.000101300
1951.96 0.000161663
1952.92 0.000148979
1953.89 0.000158027
1954.85 0.000198929
1955.81 0.000254725
1956.78 0.000309452
1957.74 0.000246434
1958.71 0.000153247
1959.67 8.88174e-05
1960.64 8.10167e-05
1961.60 0.000123171
1962.57 0.000203056
1963.53 0.000294899
1964.49 0.000197934
1965.46 0.000105298
1966.42 0.000125121
1967.39 0.000146672
1968.35 8.99788e-05
1969.32 0.000135916
1970.28 0.000199610
1971.25 0.000185935
1972.21 0.000183614
1973.17 0.000218290
1974.14 0.000242791
1975.10 0.000191550
1976.07 0.000121239
1977.03 0.000161786
1978.00 0.000218061
1978.96 0.000246292
1979.92 0.000263720
1980.89 0.000229172
1981.85 0.000205985
1982.82 0.000269724
1983.78 0.000423425
1984.75 0.000359750
1985.71 0.000330936
1986.68 0.000456749
1987.64 0.000454822
1988.60 0.000404985
1989.57 0.000356977
1990.53 0.000371029
1991.50 0.000359505
1992.46 0.000437143
1993.43 0.000603905
1994.39 0.000553530
1995.36 0.000438381
1996.32 0.000415490
1997.28 0.000451196
1998.25 0.000453723
1999.21 0.000421413
2000.18 0.000450131
2001.14 0.000470309
2002.11 0.000479908
2003.07 0.000468970
2004.04 0.000474160
2005.00 0.000634509
2005.96 0.000752548
2006.93 0.000579621
2007.89 0.000532744
2008.86 0.000610201
2009.82 0.000609513
2010.79 0.000717152
2011.75 0.000745954
2012.71 0.000715747
2013.68 0.000686469
2014.64 0.000744647
2015.61 0.000790752
2016.57 0.000709618
2017.54 0.000690311
2018.50 0.000749664
2019.47 0.000741642
2020.43 0.000655782
2021.39 0.000760315
2022.36 0.000793272
2023.32 0.000747490
2024.29 0.000916239
2025.25 0.00100154
2026.22 0.00102257
2027.18 0.00103346
2028.15 0.00101638
2029.11 0.00111926
2030.07 0.00119413
2031.04 0.00117572
2032.00 0.00115898
2032.97 0.00108816
2033.93 0.00107541
2034.90 0.00117407
2035.86 0.00125740
2036.82 0.00123513
2037.79 0.00123397
2038.75 0.00135748
2039.72 0.00142891
2040.68 0.00131061
2041.65 0.00132793
2042.61 0.00146301
2043.58 0.00148522
2044.54 0.00151479
2045.50 0.00161545
2046.47 0.00167443
2047.43 0.00158108
2048.40 0.00154215
2049.36 0.00162759
2050.33 0.00164425
2051.29 0.00153287
2052.26 0.00149551
2053.22 0.00158891
2054.18 0.00167282
2055.15 0.00168654
2056.11 0.00179003
2057.08 0.00181454
2058.04 0.00172841
2059.01 0.00166601
2059.97 0.00179046
2060.94 0.00192154
2061.90 0.00183019
2062.86 0.00185753
2063.83 0.00197229
2064.79 0.00197692
2065.76 0.00200547
2066.72 0.00209168
2067.69 0.00217001
2068.65 0.00218430
2069.61 0.00218610
2070.58 0.00216731
2071.54 0.00214059
2072.51 0.00219359
2073.47 0.00212065
2074.44 0.00213873
2075.40 0.00232429
2076.37 0.00243256
2077.33 0.00238169
2078.29 0.00238152
2079.26 0.00241667
2080.22 0.00243879
2081.19 0.00245772
2082.15 0.00248913
2083.12 0.00257946
2084.08 0.00260134
2085.05 0.00263625
2086.01 0.00259232
2086.97 0.00257409
2087.94 0.00263998
2088.90 0.00258414
2089.87 0.00253941
2090.83 0.00260685
2091.80 0.00276592
2092.76 0.00277734
2093.72 0.00277796
2094.69 0.00286090
2095.65 0.00291901
2096.62 0.00309774
2097.58 0.00311463
2098.55 0.00306534
2099.51 0.00308612
2100.48 0.00306942
2101.44 0.00312548
2102.40 0.00324264
2103.37 0.00330042
2104.33 0.00326146
2105.30 0.00334973
2106.26 0.00348356
2107.23 0.00368861
2108.19 0.00370523
2109.16 0.00361927
2110.12 0.00351517
2111.08 0.00333657
2112.05 0.00350508
2113.01 0.00366117
2113.98 0.00359437
2114.94 0.00359514
2115.91 0.00372483
2116.87 0.00369929
2117.83 0.00370964
2118.80 0.00382600
2119.76 0.00390234
2120.73 0.00405669
2121.69 0.00405022
2122.66 0.00399615
2123.62 0.00411226
2124.59 0.00414779
2125.55 0.00417408
2126.51 0.00429478
2127.48 0.00427038
2128.44 0.00419845
2129.41 0.00423694
2130.37 0.00426541
2131.34 0.00432778
2132.30 0.00436943
2133.27 0.00444039
2134.23 0.00459403
2135.19 0.00465886
2136.16 0.00468140
2137.12 0.00469681
2138.09 0.00475255
2139.05 0.00481075
2140.02 0.00474926
2140.98 0.00467954
2141.95 0.00468794
2142.91 0.00487692
2143.87 0.00498519
2144.84 0.00500377
2145.80 0.00503942
2146.77 0.00501089
2147.73 0.00505453
2148.70 0.00516587
2149.66 0.00518600
2150.62 0.00523732
2151.59 0.00535796
2152.55 0.00548946
2153.52 0.00551907
2154.48 0.00542887
2155.45 0.00547807
2156.41 0.00545185
2157.38 0.00541664
2158.34 0.00540790
2159.30 0.00542046
2160.27 0.00550163
2161.23 0.00564767
2162.20 0.00583813
2163.16 0.00580796
2164.13 0.00579530
2165.09 0.00585042
2166.06 0.00581105
2167.02 0.00580805
2167.98 0.00583465
2168.95 0.00601486
2169.91 0.00607393
2170.88 0.00598423
2171.84 0.00610120
2172.81 0.00616878
2173.77 0.00606763
2174.73 0.00613018
2175.70 0.00620914
2176.66 0.00615137
2177.63 0.00625842
2178.59 0.00628704
2179.56 0.00623487
2180.52 0.00634108
2181.49 0.00632630
2182.45 0.00629249
2183.41 0.00629827
2184.38 0.00630957
2185.34 0.00631265
2186.31 0.00633253
2187.27 0.00637459
2188.24 0.00645406
2189.20 0.00648441
2190.17 0.00638656
2191.13 0.00646189
2192.09 0.00655582
2193.06 0.00648886
2194.02 0.00641767
2194.99 0.00649479
2195.95 0.00661368
2196.92 0.00660869
2197.88 0.00659458
2198.84 0.00660065
2199.81 0.00663014
2200.77 0.00665080
2201.74 0.00660358
2202.70 0.00671473
2203.67 0.00684359
2204.63 0.00680282
2205.60 0.00674707
2206.56 0.00674119
2207.52 0.00676411
2208.49 0.00678893
2209.45 0.00669643
2210.42 0.00666435
2211.38 0.00679603
2212.35 0.00677783
2213.31 0.00664601
2214.28 0.00663359
2215.24 0.00672865
2216.20 0.00677740
2217.17 0.00670477
2218.13 0.00665550
2219.10 0.00660136
2220.06 0.00657209
2221.03 0.00662092
2221.99 0.00660303
2222.96 0.00652886
2223.92 0.00659146
2224.88 0.00669265
2225.85 0.00665885
2226.81 0.00660983
2227.78 0.00648022
2228.74 0.00638738
2229.71 0.00648996
2230.67 0.00654961
2231.63 0.00655875
2232.60 0.00651580
2233.56 0.00644184
2234.53 0.00636958
2235.49 0.00641669
2236.46 0.00653632
2237.42 0.00646472
2238.39 0.00644663
2239.35 0.00644723
2240.31 0.00639791
2241.28 0.00629600
2242.24 0.00623437
2243.21 0.00628695
2244.17 0.00628710
2245.14 0.00619456
2246.10 0.00610861
2247.07 0.00616586
2248.03 0.00623649
2248.99 0.00620381
2249.96 0.00606793
2250.92 0.00597675
2251.89 0.00602236
2252.85 0.00604436
2253.82 0.00603256
2254.78 0.00601724
2255.74 0.00599261
2256.71 0.00594579
2257.67 0.00595915
2258.64 0.00597291
2259.60 0.00580477
2260.57 0.00565082
2261.53 0.00570035
2262.50 0.00568529
2263.46 0.00572621
2264.42 0.00580762
2265.39 0.00573174
2266.35 0.00574784
2267.32 0.00569625
2268.28 0.00565813
2269.25 0.00566102
2270.21 0.00552319
2271.18 0.00547207
2272.14 0.00547262
2273.10 0.00545978
2274.07 0.00543634
2275.03 0.00538027
2276.00 0.00537161
2276.96 0.00534564
2277.93 0.00526847
2278.89 0.00527988
2279.86 0.00525569
2280.82 0.00516899
2281.78 0.00521248
2282.75 0.00520767
2283.71 0.00511615
2284.68 0.00511483
2285.64 0.00511429
2286.61 0.00515436
2287.57 0.00518541
2288.53 0.00504595
2289.50 0.00495870
2290.46 0.00495253
2291.43 0.00488466
2292.39 0.00484057
2293.36 0.00482569
2294.32 0.00483499
2295.29 0.00473820
2296.25 0.00462538
2297.21 0.00456826
2298.18 0.00455315
2299.14 0.00463971
2300.11 0.00458619
2301.07 0.00457754
2302.04 0.00451580
2303.00 0.00438324
2303.97 0.00440678
2304.93 0.00430740
2305.89 0.00417532
2306.86 0.00408435
2307.82 0.00401725
2308.79 0.00384766
2309.75 0.00394375
2310.72 0.00370664
2311.68 0.00369342
2312.65 0.00379160
2313.61 0.00367536
2314.57 0.00350992
2315.54 0.00345368
2316.50 0.00336873
2317.47 0.00311447
2318.43 0.00302900
2319.40 0.00284364
2320.36 0.00274475
2321.32 0.00252946
2322.29 0.00254987
2323.25 0.00253547
2324.22 0.00256957
2325.18 0.00255335
2326.15 0.00254653
2327.11 0.00239201
2328.08 0.00227488
2329.04 0.00222633
2330.00 0.00223428
2330.97 0.00217852
2331.93 0.00210226
2332.90 0.00206650
2333.86 0.00196552
2334.83 0.00176224
2335.79 0.00166585
2336.76 0.00157276
2337.72 0.00164765
2338.68 0.00183963
2339.65 0.00226852
2340.61 0.00307430
2341.58 0.00360437
2342.54 0.00368283
2343.51 0.00380699
2344.47 0.00402414
2345.43 0.00399807
2346.40 0.00396671
2347.36 0.00392494
2348.33 0.00395696
2349.29 0.00372258
2350.26 0.00308859
2351.22 0.00250088
2352.19 0.00198768
2353.15 0.00157997
2354.11 0.00127605
2355.08 0.00109293
2356.04 0.000872387
2357.01 0.000581553
2357.97 0.000359502
2358.94 0.000498451
2359.90 0.000594784
2360.87 0.000381028
2361.83 0.000411250
2362.79 0.000449363
2363.76 0.000371875
2364.72 0.000387276
2365.69 0.000559580
2366.65 0.000664968
2367.62 0.000776758
2368.58 0.000896029
2369.54 0.000898102
2370.51 0.00102977
2371.47 0.00121842
2372.44 0.00126747
2373.40 0.00139152
2374.37 0.00157436
2375.33 0.00184988
2376.30 0.00209741
2377.26 0.00218222
2378.22 0.00238263
2379.19 0.00246123
2380.15 0.00247602
2381.12 0.00256242
2382.08 0.00256980
2383.05 0.00262368
2384.01 0.00272604
2384.98 0.00282750
2385.94 0.00287565
2386.90 0.00281290
2387.87 0.00279465
2388.83 0.00283197
2389.80 0.00283750
2390.76 0.00284693
2391.73 0.00283574
2392.69 0.00277344
2393.66 0.00280934
2394.62 0.00278934
2395.58 0.00266342
2396.55 0.00261670
2397.51 0.00265037
2398.48 0.00262334
2399.44 0.00262580
2400.41 0.00270375
2401.37 0.00269959
2402.33 0.00261382
2403.30 0.00253556
2404.26 0.00259678
2405.23 0.00258540
2406.19 0.00259991
2407.16 0.00255571
2408.12 0.00245041
2409.09 0.00246910
2410.05 0.00249048
2411.01 0.00251885
2411.98 0.00248533
2412.94 0.00245359
2413.91 0.00249634
2414.87 0.00255399
2415.84 0.00246444
2416.80 0.00235837
2417.77 0.00239190
2418.73 0.00246631
2419.69 0.00244183
2420.66 0.00236064
2421.62 0.00234314
2422.59 0.00236233
2423.55 0.00229072
2424.52 0.00215350
2425.48 0.00212237
2426.44 0.00223473
2427.41 0.00228959
2428.37 0.00221875
2429.34 0.00225880
2430.30 0.00228153
2431.27 0.00225686
2432.23 0.00227609
2433.20 0.00220911
2434.16 0.00219382
2435.12 0.00222202
2436.09 0.00214642
2437.05 0.00203422
2438.02 0.00200410
2438.98 0.00203437
2439.95 0.00207564
2440.91 0.00212280
2441.88 0.00213876
2442.84 0.00209721
2443.80 0.00196835
2444.77 0.00183019
2445.73 0.00194882
2446.70 0.00202214
2447.66 0.00199435
2448.63 0.00194276
2449.59 0.00182217
2450.55 0.00187736
2451.52 0.00188185
2452.48 0.00190173
2453.45 0.00188350
2454.41 0.00174787
2455.38 0.00160133
2456.34 0.00156949
2457.31 0.00171783
2458.27 0.00176017
2459.23 0.00163691
2460.20 0.00167883
2461.16 0.00167495
2462.13 0.00164336
2463.09 0.00180987
2464.06 0.00183617
2465.02 0.00170116
2465.99 0.00160224
2466.95 0.00168162
2467.91 0.00181949
2468.88 0.00187435
2469.84 0.00182661
2470.81 0.00173997
2471.77 0.00161271
2472.74 0.00154054
2473.70 0.00158307
2474.67 0.00165040
2475.63 0.00177182
2476.59 0.00179642
2477.56 0.00148232
2478.52 0.00124262
2479.49 0.00129091
2480.45 0.00144099
2481.42 0.00151347
2482.38 0.00137813
2483.34 0.00127390
2484.31 0.00125445
2485.27 0.00123870
2486.24 0.00129234
2487.20 0.00140607
2488.17 0.00138940
2489.13 0.00138552
2490.10 0.00140593
2491.06 0.00132834
2492.02 0.00131485
2492.99 0.00127424
2493.95 0.00125292
2494.92 0.00125000
2495.88 0.00119037
2496.85 0.00116804
2497.81 0.00116150
2498.78 0.00113625
2499.74 0.00120189
2500.70 0.00125453
2501.67 0.00111676
2502.63 0.00101689
2503.60 0.00114370
2504.56 0.00112651
2505.53 0.00103862
2506.49 0.00106981
2507.45 0.00103931
2508.42 0.00103109
2509.38 0.000989268
2510.35 0.000827134
2511.31 0.000765497
2512.28 0.000867050
2513.24 0.000867404
2514.21 0.000810342
2515.17 0.000812277
2516.13 0.000834405
2517.10 0.000791425
2518.06 0.000872146
2519.03 0.000832550
2519.99 0.000714650
2520.96 0.000790540
2521.92 0.000812436
2522.89 0.000847010
2523.85 0.000761785
2524.81 0.000652552
2525.78 0.000794612
2526.74 0.000818169
2527.71 0.000762308
2528.67 0.000830049
2529.64 0.000746481
2530.60 0.000607811
2531.56 0.000601331
2532.53 0.000648037
2533.49 0.000685342
2534.46 0.000664137
2535.42 0.000564534
2536.39 0.000440111
2537.35 0.000485292
2538.32 0.000585260
2539.28 0.000543229
2540.24 0.000519687
2541.21 0.000599630
2542.17 0.000583677
2543.14 0.000497015
2544.10 0.000469748
2545.07 0.000496764
2546.03 0.000461182
2547.00 0.000377592
2547.96 0.000336194
2548.92 0.000310391
2549.89 0.000333672
2550.85 0.000244455
2551.82 0.000177329
2552.78 0.000276500
2553.75 0.000438655
2554.71 0.000361310
2555.68 0.000248857
2556.64 0.000290001
2557.60 0.000224536
2558.57 0.000176257
2559.53 0.000193581
2560.50 0.000250492
2561.46 0.000131000
2562.43 8.42921e-05
2563.39 0.000155188
2564.35 0.000103282
2565.32 0.000224855
2566.28 0.000315927
2567.25 0.000276588
2568.21 0.000251254
2569.18 3.09981e-05
2570.14 5.44451e-05
2571.11 0.000200877
2572.07 0.000130208
2573.03 5.54416e-05
2574.00 4.55510e-05
2574.96 3.45651e-05
2575.93 -3.85400e-05
2576.89 -7.11363e-05
2577.86 -5.01517e-05
2578.82 4.23342e-05
2579.79 5.42011e-05
2580.75 2.26796e-05
2581.71 4.51449e-05
2582.68 7.35931e-05
2583.64 5.66430e-05
2584.61 -7.96169e-05
2585.57 -0.000119576
2586.54 -6.94562e-05
2587.50 -8.00341e-05
2588.46 -0.000135416
2589.43 -0.000156613
2590.39 -0.000130007
2591.36 -0.000102822
2592.32 -0.000119532
2593.29 -0.000148257
2594.25 -0.000118677
2595.22 -0.000208620
2596.18 -0.000333557
2597.14 -0.000347000
2598.11 -0.000355853
2599.07 -0.000193413
2600.04 -2.74889e-05
2601.00 -0.000162361
2601.97 -0.000383843
2602.93 -0.000378830
2603.90 -0.000320835
2604.86 -0.000266831
2605.82 -0.000176033
2606.79 -0.000316456
2607.75 -0.000375876
2608.72 -0.000378516
2609.68 -0.000389749
2610.65 -0.000339197
2611.61 -0.000294840
2612.58 -0.000343006
2613.54 -0.000437966
2614.50 -0.000403930
2615.47 -0.000431014
2616.43 -0.000400297
2617.40 -0.000384498
2618.36 -0.000292888
2619.33 -0.000315499
2620.29 -0.000583908
2621.25 -0.000573421
2622.22 -0.000424756
2623.18 -0.000346377
2624.15 -0.000381626
2625.11 -0.000528568
2626.08 -0.000567932
2627.04 -0.000526587
2628.01 -0.000585657
2628.97 -0.000603426
2629.93 -0.000666004
2630.90 -0.000704702
2631.86 -0.000609186
2632.83 -0.000580193
2633.79 -0.000611899
2634.76 -0.000659322
2635.72 -0.000600936
2636.69 -0.000514872
2637.65 -0.000638606
2638.61 -0.000718042
2639.58 -0.000734396
2640.54 -0.000668945
2641.51 -0.000642717
2642.47 -0.000678385
2643.44 -0.000779172
2644.40 -0.000805547
2645.36 -0.000828229
2646.33 -0.000833536
2647.29 -0.000712536
2648.26 -0.000687854
2649.22 -0.000659663
2650.19 -0.000745799
2651.15 -0.000881126
2652.12 -0.000789171
2653.08 -0.000660207
2654.04 -0.000787953
2655.01 -0.000891123
2655.97 -0.000817785
2656.94 -0.000843462
2657.90 -0.000835937
2658.87 -0.000817832
2659.83 -0.000908621
2660.80 -0.000834525
2661.76 -0.000832926
2662.72 -0.000812436
2663.69 -0.000837667
2664.65 -0.00101249
2665.62 -0.00102973
2666.58 -0.000842664
2667.55 -0.000795323
2668.51 -0.000827974
2669.48 -0.000891244
2670.44 -0.000938902
2671.40 -0.000924272
2672.37 -0.000902964
2673.33 -0.000919348
2674.30 -0.000931151
2675.26 -0.000859847
2676.23 -0.000959469
2677.19 -0.000974078
2678.15 -0.000880690
2679.12 -0.000860533
2680.08 -0.000957763
2681.05 -0.00101012
2682.01 -0.000895465
2682.98 -0.000904327
2683.94 -0.00100669
2684.91 -0.00104177
2685.87 -0.00104364
2686.83 -0.000992116
2687.80 -0.000982519
2688.76 -0.000978911
2689.73 -0.000947030
2690.69 -0.00101823
2691.66 -0.00106966
2692.62 -0.000960680
2693.59 -0.000886027
2694.55 -0.000870757
2695.51 -0.000982895
2696.48 -0.00114016
2697.44 -0.00110892
2698.41 -0.00118939
2699.37 -0.00121226
2700.34 -0.00116915
2701.30 -0.00121553
2702.26 -0.00112902
2703.23 -0.00110553
2704.19 -0.00105213
2705.16 -0.00101676
2706.12 -0.00114067
2707.09 -0.00115111
2708.05 -0.00114194
2709.02 -0.00109799
2709.98 -0.00107344
2710.94 -0.00108009
2711.91 -0.00105146
2712.87 -0.000951219
2713.84 -0.000946810
2714.80 -0.00104739
2715.77 -0.000916988
2716.73 -0.000958377
2717.70 -0.00111100
2718.66 -0.00114740
2719.62 -0.00116391
2720.59 -0.00117975
2721.55 -0.00122227
2722.52 -0.00110412
2723.48 -0.00102786
2724.45 -0.00112202
2725.41 -0.00118647
2726.38 -0.00107335
2727.34 -0.00108562
2728.30 -0.00113049
2729.27 -0.00111438
2730.23 -0.00117137
2731.20 -0.00120869
2732.16 -0.00121588
2733.13 -0.00123401
2734.09 -0.00126702
2735.05 -0.00123954
2736.02 -0.00112959
2736.98 -0.00105543
2737.95 -0.00116508
2738.91 -0.00126043
2739.88 -0.00116141
2740.84 -0.00109947
2741.81 -0.00115625
2742.77 -0.00117293
2743.73 -0.00112201
2744.70 -0.00109242
2745.66 -0.00128531
2746.63 -0.00139563
2747.59 -0.00130034
2748.56 -0.00128968
2749.52 -0.00120690
2750.49 -0.00117285
2751.45 -0.00126999
2752.41 -0.00130103
2753.38 -0.00128970
2754.34 -0.00120285
2755.31 -0.00116564
2756.27 -0.00125511
2757.24 -0.00125191
2758.20 -0.00119000
2759.16 -0.00125698
2760.13 -0.00124940
2761.09 -0.00114240
2762.06 -0.00112374
2763.02 -0.00108755
2763.99 -0.00102140
2764.95 -0.00106123
2765.92 -0.00114440
2766.88 -0.00113304
2767.84 -0.00102899
2768.81 -0.00116727
2769.77 -0.00127174
2770.74 -0.00112383
2771.70 -0.00112501
2772.67 -0.00115492
2773.63 -0.00104372
2774.60 -0.00106674
2775.56 -0.00109974
2776.52 -0.00113715
2777.49 -0.00131220
2778.45 -0.00132173
2779.42 -0.00116188
2780.38 -0.00108572
2781.35 -0.00109489
2782.31 -0.00100575
2783.27 -0.000918411
2784.24 -0.00100750
2785.20 -0.00103118
2786.17 -0.00107108
2787.13 -0.00114957
2788.10 -0.00123448
2789.06 -0.00135419
2790.03 -0.00120562
2790.99 -0.00109304
2791.95 -0.00109386
2792.92 -0.00112991
2793.88 -0.00123655
2794.85 -0.00132562
2795.81 -0.00132067
2796.78 -0.00114445
2797.74 -0.00110091
2798.71 -0.00111931
2799.67 -0.00109619
2800.63 -0.00119537
2801.60 -0.00119628
2802.56 -0.00120888
2803.53 -0.00121311
2804.49 -0.00115642
2805.46 -0.00114376
2806.42 -0.00112819
2807.39 -0.00110945
2808.35 -0.00117309
2809.31 -0.00116953
2810.28 -0.00103571
2811.24 -0.00117377
2812.21 -0.00125556
2813.17 -0.00113304
2814.14 -0.00100344
2815.10 -0.000987025
2816.06 -0.00100042
2817.03 -0.00113585
2817.99 -0.00117395
2818.96 -0.000931090
2819.92 -0.00100141
2820.89 -0.00109477
2821.85 -0.000978395
2822.82 -0.000931066
2823.78 -0.00103671
2824.74 -0.00119247
2825.71 -0.00124826
2826.67 -0.00110823
2827.64 -0.00103683
2828.60 -0.00111341
2829.57 -0.00102943
2830.53 -0.000943420
2831.50 -0.000981448
2832.46 -0.00102076
2833.42 -0.00103948
2834.39 -0.00104023
2835.35 -0.00104085
2836.32 -0.00105762
2837.28 -0.000985363
2838.25 -0.000981741
2839.21 -0.000992194
2840.17 -0.000915160
2841.14 -0.000960162
2842.10 -0.000968939
2843.07 -0.000896145
2844.03 -0.000905138
2845.00 -0.000981066
2845.96 -0.00104717
2846.93 -0.00111721
2847.89 -0.00112183
2848.85 -0.00104315
2849.82 -0.00102782
2850.78 -0.00116336
2851.75 -0.00105053
2852.71 -0.000961581
2853.68 -0.00111297
2854.64 -0.00108064
2855.61 -0.00106374
2856.57 -0.00108881
2857.53 -0.000979405
2858.50 -0.000835629
2859.46 -0.000875728
2860.43 -0.000961563
2861.39 -0.000944678
2862.36 -0.000974029
2863.32 -0.000916958
2864.28 -0.000778288
2865.25 -0.000679059
2866.21 -0.000602510
2867.18 -0.000661897
2868.14 -0.000621660
2869.11 -0.000626251
2870.07 -0.000675030
2871.04 -0.000693444
2872.00 -0.000801634
2872.96 -0.000804026
2873.93 -0.000878559
2874.89 -0.000861073
2875.86 -0.000854420
2876.82 -0.000958536
2877.79 -0.000682499
2878.75 -0.000590738
2879.72 -0.000890914
2880.68 -0.000826161
2881.64 -0.000581218
2882.61 -0.000502313
2883.57 -0.000560187
2884.54 -0.000498494
2885.50 -0.000472076
2886.47 -0.000533001
2887.43 -0.000574201
2888.40 -0.000676341
2889.36 -0.000606351
2890.32 -0.000627566
2891.29 -0.000638425
2892.25 -0.000458458
2893.22 -0.000292430
2894.18 -0.000282772
2895.15 -0.000228459
2896.11 -0.000218520
2897.07 -0.000347687
2898.04 -0.000267088
2899.00 -0.000342568
2899.97 -0.000341093
2900.93 -0.000182087
2901.90 -0.000305016
2902.86 -0.000410423
2903.83 -0.000413572
2904.79 -0.000254495
2905.75 -0.000145525
2906.72 -0.000146188
2907.68 -0.000130530
2908.65 -0.000160214
2909.61 -2.08691e-05
2910.58 4.89373e-05
2911.54 -1.97310e-05
2912.51 1.86563e-05
2913.47 -1.19265e-05
2914.43 -5.43110e-05
2915.40 -7.52416e-05
2916.36 -8.04439e-05
2917.33 6.91097e-05
2918.29 8.09934e-05
2919.26 9.53395e-05
2920.22 7.53067e-05
2921.18 -5.71311e-05
2922.15 6.23893e-05
2923.11 0.000217643
2924.08 0.000215651
2925.04 0.000244685
2926.01 0.000316877
2926.97 0.000445798
2927.94 0.000556082
2928.90 0.000462089
2929.86 0.000488091
2930.83 0.000623548
2931.79 0.000569941
2932.76 0.000642885
2933.72 0.000929657
2934.69 0.00102889
2935.65 0.000988351
2936.62 0.000963472
2937.58 0.00100972
2938.54 0.00107945
2939.51 0.00110925
2940.47 0.00118318
2941.44 0.00115456
2942.40 0.00112857
2943.37 0.00118265
2944.33 0.00121365
2945.30 0.00132800
2946.26 0.00152729
2947.22 0.00162116
2948.19 0.00161110
2949.15 0.00158077
2950.12 0.00172549
2951.08 0.00189204
2952.05 0.00184654
2953.01 0.00197269
2953.97 0.00219182
2954.94 0.00215760
2955.90 0.00208092
2956.87 0.00213000
2957.83 0.00229320
2958.80 0.00235066
2959.76 0.00224075
2960.73 0.00235519
2961.69 0.00265487
2962.65 0.00286344
2963.62 0.00292846
2964.58 0.00299641
2965.55 0.00313513
2966.51 0.00319777
2967.48 0.00326067
2968.44 0.00339339
2969.41 0.00342188
2970.37 0.00358240
2971.33 0.00376441
2972.30 0.00400067
2973.26 0.00412286
2974.23 0.00409951
2975.19 0.00437749
2976.16 0.00456243
2977.12 0.00474259
2978.08 0.00495416
2979.05 0.00495818
2980.01 0.00489012
2980.98 0.00472772
2981.94 0.00482645
2982.91 0.00513624
2983.87 0.00524256
2984.84 0.00550403
2985.80 0.00574833
2986.76 0.00572284
2987.73 0.00579719
2988.69 0.00608117
2989.66 0.00632691
2990.62 0.00651418
2991.59 0.00678851
2992.55 0.00695986
2993.52 0.00708647
2994.48 0.00719702
2995.44 0.00732316
2996.41 0.00751965
2997.37 0.00770907
2998.34 0.00788135
2999.30 0.00805226
3000.27 0.00841132
3001.23 0.00853532
3002.20 0.00866286
3003.16 0.00909145
3004.12 0.00928313
3005.09 0.00943775
3006.05 0.00976942
3007.02 0.0100650
3007.98 0.0101772
3008.95 0.0103316
3009.91 0.0106734
3010.87 0.0109651
3011.84 0.0111038
3012.80 0.0112163
3013.77 0.0114300
3014.73 0.0116593
3015.70 0.0120469
3016.66 0.0124220
3017.63 0.0126831
3018.59 0.0130098
3019.55 0.0134848
3020.52 0.0137998
3021.48 0.0139105
3022.45 0.0141704
3023.41 0.0145266
3024.38 0.0151027
3025.34 0.0155375
3026.31 0.0158729
3027.27 0.0164102
3028.23 0.0169020
3029.20 0.0171232
3030.16 0.0174106
3031.13 0.0179214
3032.09 0.0183010
3033.06 0.0187250
3034.02 0.0191800
3034.98 0.0195124
3035.95 0.0199231
3036.91 0.0204180
3037.88 0.0207994
3038.84 0.0212405
3039.81 0.0217259
3040.77 0.0222190
3041.74 0.0228055
3042.70 0.0233567
3043.66 0.0238597
3044.63 0.0246224
3045.59 0.0253129
3046.56 0.0256981
3047.52 0.0261850
3048.49 0.0267145
3049.45 0.0273204
3050.42 0.0279983
3051.38 0.0286768
3052.34 0.0293642
3053.31 0.0301526
3054.27 0.0309261
3055.24 0.0314330
3056.20 0.0319607
3057.17 0.0326307
3058.13 0.0334372
3059.09 0.0344272
3060.06 0.0351168
3061.02 0.0356947
3061.99 0.0365944
3062.95 0.0374882
3063.92 0.0382733
3064.88 0.0391201
3065.85 0.0399842
3066.81 0.0407932
3067.77 0.0417750
3068.74 0.0426613
3069.70 0.0435182
3070.67 0.0445585
3071.63 0.0454451
3072.60 0.0463948
3073.56 0.0473022
3074.53 0.0481374
3075.49 0.0490972
3076.45 0.0502385
3077.42 0.0513522
3078.38 0.0523102
3079.35 0.0533006
3080.31 0.0542644
3081.28 0.0554226
3082.24 0.0565858
3083.21 0.0576393
3084.17 0.0588095
3085.13 0.0599311
3086.10 0.0610087
3087.06 0.0621497
3088.03 0.0634405
3088.99 0.0646592
3089.96 0.0657608
3090.92 0.0669381
3091.88 0.0679989
3092.85 0.0692103
3093.81 0.0705051
3094.78 0.0716440
3095.74 0.0727855
3096.71 0.0738743
3097.67 0.0751804
3098.64 0.0764355
3099.60 0.0777430
3100.56 0.0791599
3101.53 0.0802910
3102.49 0.0814083
3103.46 0.0825453
3104.42 0.0839338
3105.39 0.0853237
3106.35 0.0865537
3107.32 0.0881047
3108.28 0.0895145
3109.24 0.0907544
3110.21 0.0920658
3111.17 0.0933958
3112.14 0.0949303
3113.10 0.0961664
3114.07 0.0975018
3115.03 0.0990821
3115.99 0.100266
3116.96 0.101537
3117.92 0.102961
3118.89 0.104330
3119.85 0.105639
3120.82 0.106900
3121.78 0.108253
3122.75 0.109571
3123.71 0.110932
3124.67 0.112398
3125.64 0.113851
3126.60 0.115414
3127.57 0.116708
3128.53 0.117905
3129.50 0.119388
3130.46 0.120819
3131.43 0.122164
3132.39 0.123577
3133.35 0.125070
3134.32 0.126434
3135.28 0.127945
3136.25 0.129491
3137.21 0.130796
3138.18 0.132086
3139.14 0.133569
3140.10 0.135144
3141.07 0.136523
3142.03 0.137923
3143.00 0.139239
3143.96 0.140514
3144.93 0.142024
3145.89 0.143571
3146.86 0.145000
3147.82 0.146260
3148.78 0.147654
3149.75 0.149210
3150.71 0.150693
3151.68 0.152048
3152.64 0.153295
3153.61 0.154611
3154.57 0.155940
3155.54 0.157496
3156.50 0.159211
3157.46 0.160639
3158.43 0.161938
3159.39 0.163332
3160.36 0.164699
3161.32 0.166085
3162.29 0.167325
3163.25 0.168643
3164.22 0.170397
3165.18 0.171835
3166.14 0.173057
3167.11 0.174441
3168.07 0.175825
3169.04 0.177171
3170.00 0.178616
3170.97 0.180045
3171.93 0.181298
3172.89 0.182693
3173.86 0.183968
3174.82 0.185120
3175.79 0.186588
3176.75 0.188106
3177.72 0.189420
3178.68 0.190739
3179.65 0.192358
3180.61 0.193652
3181.57 0.194708
3182.54 0.196087
3183.50 0.197362
3184.47 0.198803
3185.43 0.200109
3186.40 0.201108
3187.36 0.202409
3188.33 0.203581
3189.29 0.204929
3190.25 0.206447
3191.22 0.207682
3192.18 0.208855
3193.15 0.210033
3194.11 0.211274
3195.08 0.212609
3196.04 0.214021
3197.00 0.215186
3197.97 0.216106
3198.93 0.217177
3199.90 0.218309
3200.86 0.219524
3201.83 0.220917
3202.79 0.222011
3203.76 0.223106
3204.72 0.224422
3205.68 0.225513
3206.65 0.226514
3207.61 0.227534
3208.58 0.228831
3209.54 0.229981
3210.51 0.231045
3211.47 0.232302
3212.44 0.233218
3213.40 0.234306
3214.36 0.235576
3215.33 0.236665
3216.29 0.237928
3217.26 0.238702
3218.22 0.239666
3219.19 0.240823
3220.15 0.241329
3221.11 0.242239
3222.08 0.243420
3223.04 0.244472
3224.01 0.245419
3224.97 0.246450
3225.94 0.247365
3226.90 0.248038
3227.87 0.248850
3228.83 0.249612
3229.79 0.250320
3230.76 0.251214
3231.72 0.252132
3232.69 0.252962
3233.65 0.253879
3234.62 0.254813
3235.58 0.255484
3236.55 0.256245
3237.51 0.256737
3238.47 0.257307
3239.44 0.258116
3240.40 0.258817
3241.37 0.259906
3242.33 0.260872
3243.30 0.261600
3244.26 0.262150
3245.23 0.262355
3246.19 0.262701
3247.15 0.263497
3248.12 0.263957
3249.08 0.264228
3250.05 0.264831
3251.01 0.265379
3251.98 0.266021
3252.94 0.266618
3253.90 0.267429
3254.87 0.268051
3255.83 0.268356
3256.80 0.268777
3257.76 0.269167
3258.73 0.269585
3259.69 0.270301
3260.66 0.270891
3261.62 0.271117
3262.58 0.271433
3263.55 0.271868
3264.51 0.272451
3265.48 0.272591
3266.44 0.272731
3267.41 0.273336
3268.37 0.273522
3269.34 0.273796
3270.30 0.274410
3271.26 0.274635
3272.23 0.274972
3273.19 0.275251
3274.16 0.275341
3275.12 0.275570
3276.09 0.275455
3277.05 0.275522
3278.02 0.276080
3278.98 0.276497
3279.94 0.276234
3280.91 0.276307
3281.87 0.276587
3282.84 0.276517
3283.80 0.276947
3284.77 0.276885
3285.73 0.276639
3286.69 0.276778
3287.66 0.276820
3288.62 0.276631
3289.59 0.276719
3290.55 0.277082
3291.52 0.276827
3292.48 0.276521
3293.45 0.276568
3294.41 0.276355
3295.37 0.275850
3296.34 0.275469
3297.30 0.275449
3298.27 0.275429
3299.23 0.275469
3300.20 0.275384
3301.16 0.274970
3302.13 0.274642
3303.09 0.274321
3304.05 0.274017
3305.02 0.273624
3305.98 0.273474
3306.95 0.273326
3307.91 0.272953
3308.88 0.272572
3309.84 0.272125
3310.80 0.271768
3311.77 0.271487
3312.73 0.271147
3313.70 0.270745
3314.66 0.270474
3315.63 0.270066
3316.59 0.269518
3317.56 0.269032
3318.52 0.268897
3319.48 0.268385
3320.45 0.267646
3321.41 0.267174
3322.38 0.266496
3323.34 0.266069
3324.31 0.265760
3325.27 0.265437
3326.24 0.264841
3327.20 0.264000
3328.16 0.263594
3329.13 0.263361
3330.09 0.262829
3331.06 0.262292
3332.02 0.261827
3332.99 0.261101
3333.95 0.260474
3334.92 0.260171
3335.88 0.259842
3336.84 0.259256
3337.81 0.258261
3338.77 0.257562
3339.74 0.257362
3340.70 0.257050
3341.67 0.256221
3342.63 0.255304
3343.59 0.254756
3344.56 0.254320
3345.52 0.253649
3346.49 0.253198
3347.45 0.252767
3348.42 0.251939
3349.38 0.251307
3350.35 0.250960
3351.31 0.250454
3352.27 0.249738
3353.24 0.249134
3354.20 0.248824
3355.17 0.248378
3356.13 0.247559
3357.10 0.246673
3358.06 0.246128
3359.03 0.245771
3359.99 0.245139
3360.95 0.244586
3361.92 0.243979
3362.88 0.243418
3363.85 0.242858
3364.81 0.242311
3365.78 0.241729
3366.74 0.241085
3367.70 0.240533
3368.67 0.239965
3369.63 0.239255
3370.60 0.238457
3371.56 0.237939
3372.53 0.237438
3373.49 0.236577
3374.46 0.235933
3375.42 0.235376
3376.38 0.234594
3377.35 0.234259
3378.31 0.233605
3379.28 0.232662
3380.24 0.232019
3381.21 0.231393
3382.17 0.230485
3383.14 0.229683
3384.10 0.229185
3385.06 0.228614
3386.03 0.227978
3386.99 0.227324
3387.96 0.226685
3388.92 0.226018
3389.89 0.225451
3390.85 0.224518
3391.81 0.223519
3392.78 0.222869
3393.74 0.221976
3394.71 0.220853
3395.67 0.220081
3396.64 0.219410
3397.60 0.218522
3398.57 0.217827
3399.53 0.217453
3400.49 0.216964
3401.46 0.216100
3402.42 0.215185
3403.39 0.214035
3404.35 0.213007
3405.32 0.212147
3406.28 0.211014
3407.25 0.210098
3408.21 0.209310
3409.17 0.208574
3410.14 0.207789
3411.10 0.207010
3412.07 0.205958
3413.03 0.204682
3414.00 0.203703
3414.96 0.202651
3415.93 0.201712
3416.89 0.200672
3417.85 0.199725
3418.82 0.198970
3419.78 0.197861
3420.75 0.196982
3421.71 0.196108
3422.68 0.194788
3423.64 0.193474
3424.60 0.192285
3425.57 0.191122
3426.53 0.190132
3427.50 0.189197
3428.46 0.188052
3429.43 0.187054
3430.39 0.186095
3431.36 0.184778
3432.32 0.183593
3433.28 0.182831
3434.25 0.181848
3435.21 0.180694
3436.18 0.179552
3437.14 0.178048
3438.11 0.176809
3439.07 0.176019
3440.04 0.174908
3441.00 0.173520
3441.96 0.172266
3442.93 0.171124
3443.89 0.169791
3444.86 0.168495
3445.82 0.167564
3446.79 0.166323
3447.75 0.164844
3448.71 0.163719
3449.68 0.162475
3450.64 0.161114
3451.61 0.159844
3452.57 0.158598
3453.54 0.157328
3454.50 0.156071
3455.47 0.154914
3456.43 0.153589
3457.39 0.152458
3458.36 0.151455
3459.32 0.150217
3460.29 0.148869
3461.25 0.147532
3462.22 0.146067
3463.18 0.144382
3464.15 0.143288
3465.11 0.142240
3466.07 0.140713
3467.04 0.139274
3468.00 0.138027
3468.97 0.136904
3469.93 0.135798
3470.90 0.134405
3471.86 0.132832
3472.82 0.131539
3473.79 0.130455
3474.75 0.129303
3475.72 0.128018
3476.68 0.126667
3477.65 0.125402
3478.61 0.124327
3479.58 0.123100
3480.54 0.121793
3481.50 0.120459
3482.47 0.119271
3483.43 0.117941
3484.40 0.116474
3485.36 0.115311
3486.33 0.114239
3487.29 0.112915
3488.26 0.111665
3489.22 0.110432
3490.18 0.109006
3491.15 0.108137
3492.11 0.107374
3493.08 0.106273
3494.04 0.105013
3495.01 0.103889
3495.97 0.102756
3496.94 0.101510
3497.90 0.100431
3498.86 0.0991254
3499.83 0.0978649
3500.79 0.0968399
3501.76 0.0959113
3502.72 0.0950538
3503.69 0.0936969
3504.65 0.0922830
3505.61 0.0913751
3506.58 0.0903419
3507.54 0.0892881
3508.51 0.0885497
3509.47 0.0876202
3510.44 0.0866207
3511.40 0.0855433
3512.37 0.0845428
3513.33 0.0839224
3514.29 0.0828975
3515.26 0.0818617
3516.22 0.0811099
3517.19 0.0800075
3518.15 0.0787560
3519.12 0.0780247
3520.08 0.0772707
3521.05 0.0759668
3522.01 0.0752102
3522.97 0.0747274
3523.94 0.0736767
3524.90 0.0727721
3525.87 0.0722114
3526.83 0.0714220
3527.80 0.0705397
3528.76 0.0696929
3529.72 0.0687680
3530.69 0.0677590
3531.65 0.0669467
3532.62 0.0663627
3533.58 0.0655971
3534.55 0.0648080
3535.51 0.0639945
3536.48 0.0627715
3537.44 0.0618095
3538.40 0.0612748
3539.37 0.0605670
3540.33 0.0596365
3541.30 0.0585758
3542.26 0.0577278
3543.23 0.0572399
3544.19 0.0569339
3545.16 0.0562051
3546.12 0.0551060
3547.08 0.0542517
3548.05 0.0536680
3549.01 0.0529917
3549.98 0.0521239
3550.94 0.0513322
3551.91 0.0504856
3552.87 0.0499745
3553.83 0.0493292
3554.80 0.0484492
3555.76 0.0478780
3556.73 0.0469288
3557.69 0.0462722
3558.66 0.0461063
3559.62 0.0453241
3560.59 0.0445118
3561.55 0.0439797
3562.51 0.0434234
3563.48 0.0428167
3564.44 0.0421026
3565.41 0.0415295
3566.37 0.0408143
3567.34 0.0402494
3568.30 0.0397760
3569.27 0.0391383
3570.23 0.0386736
3571.19 0.0380397
3572.16 0.0375314
3573.12 0.0369813
3574.09 0.0362963
3575.05 0.0358947
3576.02 0.0353542
3576.98 0.0347605
3577.95 0.0341052
3578.91 0.0335025
3579.87 0.0331875
3580.84 0.0326382
3581.80 0.0320513
3582.77 0.0314977
3583.73 0.0310700
3584.70 0.0308974
3585.66 0.0304367
3586.62 0.0299750
3587.59 0.0296633
3588.55 0.0290164
3589.52 0.0283859
3590.48 0.0281432
3591.45 0.0278035
3592.41 0.0273588
3593.38 0.0268794
3594.34 0.0263413
3595.30 0.0258092
3596.27 0.0251998
3597.23 0.0247916
3598.20 0.0248305
3599.16 0.0245594
3600.13 0.0238214
3601.09 0.0232745
3602.06 0.0229206
3603.02 0.0228750
3603.98 0.0228236
3604.95 0.0223571
3605.91 0.0218908
3606.88 0.0215315
3607.84 0.0211997
3608.81 0.0209351
3609.77 0.0207714
3610.74 0.0203816
3611.70 0.0198673
3612.66 0.0195942
3613.63 0.0194249
3614.59 0.0192021
3615.56 0.0189001
3616.52 0.0187338
3617.49 0.0184714
3618.45 0.0179594
3619.41 0.0177431
3620.38 0.0175359
3621.34 0.0170793
3622.31 0.0167172
3623.27 0.0165266
3624.24 0.0163781
3625.20 0.0161361
3626.17 0.0159590
3627.13 0.0157653
3628.09 0.0156215
3629.06 0.0152877
3630.02 0.0147830
3630.99 0.0146862
3631.95 0.0145277
3632.92 0.0142441
3633.88 0.0142495
3634.85 0.0143734
3635.81 0.0139992
3636.77 0.0137594
3637.74 0.0137734
3638.70 0.0134905
3639.67 0.0132491
3640.63 0.0131070
3641.60 0.0129945
3642.56 0.0127824
3643.52 0.0126187
3644.49 0.0127407
3645.45 0.0127843
3646.42 0.0126964
3647.38 0.0127207
3648.35 0.0127273
3649.31 0.0128966
3650.28 0.0127379
3651.24 0.0127131
3652.20 0.0129625
3653.17 0.0129828
3654.13 0.0132960
3655.10 0.0135142
3656.06 0.0137852
3657.03 0.0143157
3657.99 0.0146528
3658.96 0.0146522
3659.92 0.0146734
3660.88 0.0149601
3661.85 0.0152308
3662.81 0.0156514
3663.78 0.0160730
3664.74 0.0161727
3665.71 0.0162517
3666.67 0.0163855
3667.64 0.0164263
3668.60 0.0164050
3669.56 0.0162965
3670.53 0.0161615
3671.49 0.0163722
3672.46 0.0162798
3673.42 0.0158636
3674.39 0.0158165
3675.35 0.0156237
3676.31 0.0152184
3677.28 0.0148477
3678.24 0.0146775
3679.21 0.0144091
3680.17 0.0140751
3681.14 0.0139985
3682.10 0.0139470
3683.07 0.0140465
3684.03 0.0142607
3684.99 0.0142114
3685.96 0.0140866
3686.92 0.0141188
3687.89 0.0140706
3688.85 0.0139644
3689.82 0.0137358
3690.78 0.0132749
3691.75 0.0129136
3692.71 0.0124469
3693.67 0.0121278
3694.64 0.0118844
3695.60 0.0115302
3696.57 0.0109199
3697.53 0.0101483
3698.50 0.00979856
3699.46 0.00935291
3700.42 0.00883046
3701.39 0.00879151
3702.35 0.00860565
3703.32 0.00807198
3704.28 0.00770380
3705.25 0.00750782
3706.21 0.00726262
3707.18 0.00691133
3708.14 0.00665442
3709.10 0.00654801
3710.07 0.00643950
3711.03 0.00648657
3712.00 0.00634394
3712.96 0.00617380
3713.93 0.00624236
3714.89 0.00600070
3715.86 0.00602305
3716.82 0.00625267
3717.78 0.00607070
3718.75 0.00583273
3719.71 0.00575723
3720.68 0.00554914
3721.64 0.00535734
3722.61 0.00538194
3723.57 0.00533562
3724.53 0.00532630
3725.50 0.00518727
3726.46 0.00482383
3727.43 0.00470540
3728.39 0.00471195
3729.36 0.00454859
3730.32 0.00445033
3731.29 0.00461927
3732.25 0.00465729
3733.21 0.00450650
3734.18 0.00459431
3735.14 0.00476282
3736.11 0.00441732
3737.07 0.00406530
3738.04 0.00423469
3739.00 0.00428637
3739.97 0.00413844
3740.93 0.00424320
3741.89 0.00435335
3742.86 0.00422200
3743.82 0.00420464
3744.79 0.00418558
3745.75 0.00413690
3746.72 0.00422733
3747.68 0.00407014
3748.65 0.00380245
3749.61 0.00374755
3750.57 0.00375144
3751.54 0.00378983
3752.50 0.00373231
3753.47 0.00384949
3754.43 0.00398605
3755.40 0.00367351
3756.36 0.00359156
3757.32 0.00380001
3758.29 0.00375515
3759.25 0.00390408
3760.22 0.00382621
3761.18 0.00375123
3762.15 0.00387724
3763.11 0.00370524
3764.08 0.00374853
3765.04 0.00365543
3766.00 0.00354341
3766.97 0.00373269
3767.93 0.00398546
3768.90 0.00399873
3769.86 0.00359748
3770.83 0.00330693
3771.79 0.00334157
3772.76 0.00341891
3773.72 0.00344474
3774.68 0.00352146
3775.65 0.00372078
3776.61 0.00375728
3777.58 0.00356099
3778.54 0.00339948
3779.51 0.00315687
3780.47 0.00304255
3781.43 0.00315402
3782.40 0.00322150
3783.36 0.00327375
3784.33 0.00318401
3785.29 0.00304475
3786.26 0.00312630
3787.22 0.00306723
3788.19 0.00293875
3789.15 0.00283247
3790.11 0.00256629
3791.08 0.00259550
3792.04 0.00301489
3793.01 0.00321858
3793.97 0.00302147
3794.94 0.00308845
3795.90 0.00315732
3796.87 0.00290468
3797.83 0.00299125
3798.79 0.00304660
3799.76 0.00280294
3800.72 0.00301397
3801.69 0.00324050
3802.65 0.00302353
3803.62 0.00290505
3804.58 0.00287825
3805.54 0.00280006
3806.51 0.00268875
3807.47 0.00252084
3808.44 0.00241833
3809.40 0.00244440
3810.37 0.00270917
3811.33 0.00290713
3812.30 0.00290049
3813.26 0.00232404
3814.22 0.00199268
3815.19 0.00234191
3816.15 0.00238424
3817.12 0.00244166
3818.08 0.00253317
3819.05 0.00232767
3820.01 0.00205318
3820.98 0.00182797
3821.94 0.00190606
3822.90 0.00218004
3823.87 0.00225481
3824.83 0.00232698
3825.80 0.00249713
3826.76 0.00257599
3827.73 0.00247194
3828.69 0.00248137
3829.66 0.00227820
3830.62 0.00220103
3831.58 0.00240155
3832.55 0.00256016
3833.51 0.00281916
3834.48 0.00257366
3835.44 0.00190865
3836.41 0.00181983
3837.37 0.00198451
3838.33 0.00192418
3839.30 0.00181794
3840.26 0.00187590
3841.23 0.00191015
3842.19 0.00207369
3843.16 0.00237872
3844.12 0.00230365
3845.09 0.00220448
3846.05 0.00219189
3847.01 0.00214570
3847.98 0.00194219
3848.94 0.00195150
3849.91 0.00199538
3850.87 0.00184266
3851.84 0.00191113
3852.80 0.00208141
3853.77 0.00205886
3854.73 0.00182842
3855.69 0.00174436
3856.66 0.00197760
3857.62 0.00192874
3858.59 0.00172446
3859.55 0.00198988
3860.52 0.00223729
3861.48 0.00207539
3862.44 0.00188730
3863.41 0.00181379
3864.37 0.00163817
3865.34 0.00168034
3866.30 0.00162742
3867.27 0.00159978
3868.23 0.00180534
3869.20 0.00181669
3870.16 0.00193554
3871.12 0.00191638
3872.09 0.00189400
3873.05 0.00195122
3874.02 0.00178004
3874.98 0.00166255
3875.95 0.00151625
3876.91 0.00134035
3877.88 0.00122123
3878.84 0.00146392
3879.80 0.00176459
3880.77 0.00169276
3881.73 0.00151232
3882.70 0.00163078
3883.66 0.00180923
3884.63 0.00157776
3885.59 0.00157360
3886.55 0.00206453
3887.52 0.00216544
3888.48 0.00154686
3889.45 0.00153756
3890.41 0.00158727
3891.38 0.00151306
3892.34 0.00161394
3893.31 0.00153032
3894.27 0.00142119
3895.23 0.00122666
3896.20 0.00130782
3897.16 0.00162467
3898.13 0.00149061
3899.09 0.00137115
3900.06 0.00157278
3901.02 0.00176251
3901.99 0.00182572
3902.95 0.00146973
3903.91 0.00133854
3904.88 0.00127313
3905.84 0.00125562
3906.81 0.00151590
3907.77 0.00153678
3908.74 0.00126215
3909.70 0.00126511
3910.67 0.00123626
3911.63 0.00103831
3912.59 0.00127596
3913.56 0.00141649
3914.52 0.00131212
3915.49 0.00140194
3916.45 0.00152496
3917.42 0.00156856
3918.38 0.00132256
3919.34 0.00131806
3920.31 0.00130484
3921.27 0.00103353
3922.24 0.000795199
3923.20 0.000945566
3924.17 0.00120622
3925.13 0.00123708
3926.10 0.00129852
3927.06 0.00113886
3928.02 0.00124429
3928.99 0.00131001
3929.95 0.00134704
3930.92 0.00133935
3931.88 0.00132285
3932.85 0.00120885
3933.81 0.00129784
3934.78 0.00192382
3935.74 0.00187870
3936.70 0.00138437
3937.67 0.00108824
3938.63 0.000952996
3939.60 0.000908639
3940.56 0.000997383
3941.53 0.00137012
3942.49 0.00138365
3943.46 0.00141927
3944.42 0.00161069
3945.38 0.00155990
3946.35 0.00157960
3947.31 0.00141700
3948.28 0.00151198
3949.24 0.00147006
3950.21 0.00118623
3951.17 0.00109210
3952.13 0.00100417
3953.10 0.00121281
3954.06 0.00160547
3955.03 0.00137880
3955.99 0.000925342
3956.96 0.000887960
3957.92 0.00103928
3958.89 0.000896893
3959.85 0.000721501
3960.81 0.000935905
3961.78 0.00144959
3962.74 0.00149998
3963.71 0.00128895
3964.67 0.00130163
3965.64 0.00104938
3966.60 0.000993947
3967.57 0.00138799
3968.53 0.00138534
3969.49 0.000897983
3970.46 0.00110800
3971.42 0.00115383
3972.39 0.00108805
3973.35 0.00118596
3974.32 0.00111156
3975.28 0.00106486
3976.24 0.00118176
3977.21 0.00133593
3978.17 0.000885308
3979.14 0.000680769
3980.10 0.00101024
3981.07 0.000910187
3982.03 0.00117444
3983.00 0.00149617
3983.96 0.00136442
3984.92 0.00113065
3985.89 0.00124336
3986.85 0.00143848
3987.82 0.00127757
3988.78 0.00138929
3989.75 0.00114897
3990.71 0.00117906
3991.68 0.00108453
3992.64 0.000889914
3993.60 0.00117638
3994.57 0.00120784
3995.53 0.00120509
3996.50 0.00102563
3997.46 0.00101648
3998.43 0.00125320
3999.39 0.00108433
4000.35 0.000815058
4001.32 0.000813374
4002.28 0.00101200
4003.25 0.00106972
4004.21 0.00146315
4005.18 0.00134767
4006.14 0.000849098
4007.11 0.000922713
4008.07 0.00109514
4009.03 0.00132837
4010.00 0.00112429
4010.96 0.00100372
4011.93 0.000997536
4012.89 0.00101626
4013.86 0.000962181
4014.82 0.000794413
4015.79 0.000968229
4016.75 0.00106236
4017.71 0.000827789
4018.68 0.000818904
4019.64 0.00102054
4020.61 0.000856752
4021.57 0.000887580
4022.54 0.000852296
4023.50 0.000657728
4024.47 0.00101954
4025.43 0.00106777
4026.39 0.000788204
4027.36 0.00103702
4028.32 0.00128835
4029.29 0.00117517
4030.25 0.00105500
4031.22 0.000777515
4032.18 0.000796543
4033.14 0.00135477
4034.11 0.00131109
4035.07 0.000913119
4036.04 0.000870135
4037.00 0.000719767
4037.97 0.000698682
4038.93 0.00109321
4039.90 0.00106593
4040.86 0.000771459
4041.82 0.000852888
4042.79 0.000846606
4043.75 0.000953836
4044.72 0.00103095
4045.68 0.00105368
4046.65 0.000971498
4047.61 0.000608629
4048.58 0.000802545
4049.54 0.00114017
4050.50 0.000836805
4051.47 0.000492021
4052.43 0.000462251
4053.40 0.000502668
4054.36 0.000962596
4055.33 0.000663213
4056.29 0.000276644
4057.25 0.000432974
4058.22 0.000659792
4059.18 0.000799220
4060.15 0.000609336
4061.11 0.000884468
4062.08 0.000946984
4063.04 0.000837712
4064.01 0.000571629
4064.97 0.000368059
4065.93 0.000736790
4066.90 0.000806807
4067.86 0.000514636
4068.83 0.000438351
4069.79 0.000460282
4070.76 0.000744497
4071.72 0.000419030
4072.69 0.000110645
4073.65 0.000523275
4074.61 0.000518205
4075.58 0.000693521
4076.54 0.000935750
4077.51 0.000949467
4078.47 0.000766398
4079.44 0.000682613
4080.40 0.00113184
4081.36 0.00119627
4082.33 0.000925189
4083.29 0.000971120
4084.26 0.000733737
4085.22 0.000620067
4086.19 0.000915384
4087.15 0.000559513
4088.12 0.000116728
4089.08 0.000616960
4090.04 0.000810290
4091.01 0.000392806
4091.97 0.000241036
4092.94 0.000402752
4093.90 0.000519384
4094.87 0.000441797
4095.83 0.000373429
4096.80 7.92444e-05
4097.76 0.000180975
4098.72 0.000781303
4099.69 0.00116232
4100.65 0.000802752
4101.62 0.000357566
4102.58 0.000403699
4103.55 0.000648115
4104.51 0.000577046
4105.48 0.000227259
4106.44 0.000276590
4107.40 0.000148920
4108.37 -7.96467e-06
4109.33 0.000383466
4110.30 0.000863282
4111.26 0.000741014
4112.23 0.000493329
4113.19 0.000498360
4114.15 0.000153590
4115.12 0.000177905
4116.08 0.000551436
4117.05 0.000522453
4118.01 0.000523183
4118.98 0.000510897
4119.94 0.000762029
4120.91 0.000436945
4121.87 -0.000326926
4122.83 -0.000215694
4123.80 0.000294521
4124.76 0.000581753
4125.73 0.000352468
4126.69 0.000191899
4127.66 0.000306012
4128.62 5.88447e-05
4129.59 2.74591e-05
4130.55 0.000276592
4131.51 0.000117522
4132.48 -4.77638e-05
4133.44 3.88678e-05
4134.41 4.47836e-05
4135.37 0.000153912
4136.34 0.000125229
4137.30 -0.000162840
4138.27 -0.000150725
4139.23 0.000175105
4140.19 0.000318138
4141.16 -0.000229249
4142.12 -0.000277918
4143.09 1.29826e-06
4144.05 0.000246130
4145.02 0.000160145
4145.98 1.52737e-05
4146.94 -0.000160795
4147.91 -0.000263078
4148.87 0.000642750
4149.84 0.000606868
4150.80 5.82971e-05
4151.77 -0.000128986
4152.73 -0.000430455
4153.70 1.62609e-05
4154.66 0.000504490
4155.62 0.000211621
4156.59 5.13718e-06
4157.55 0.000343569
4158.52 0.000680683
4159.48 7.75121e-05
4160.45 -4.88702e-05
4161.41 0.000151159
4162.38 -0.000101224
4163.34 5.36069e-05
4164.30 -0.000457063
4165.27 -0.000448547
4166.23 -0.000483517
4167.20 -0.000635700
4168.16 -0.000129372
4169.13 -0.000223354
4170.09 -0.000442324
4171.05 -0.000131594
4172.02 0.000167122
4172.98 -5.30481e-05
4173.95 -0.000137333
4174.91 -0.000369202
4175.88 -0.000442786
4176.84 -0.000101654
4177.81 -5.75390e-05
4178.77 -0.000316709
4179.73 -7.77841e-06
4180.70 -1.53631e-05
4181.66 -7.58339e-05
4182.63 0.000292085
4183.59 0.000266414
4184.56 -1.81701e-05
4185.52 -0.000352740
4186.49 -0.000189425
4187.45 6.88061e-05
4188.41 5.57359e-05
4189.38 0.000131853
4190.34 0.000175985
4191.31 -0.000165002
4192.27 -0.000479670
4193.24 -0.000320155
4194.20 -0.000171524
4195.17 -0.000436908
4196.13 -0.000318777
4197.09 -0.000402749
4198.06 -0.000508932
4199.02 -0.000327000
4199.99 -9.10871e-05
4200.95 -0.000135455
4201.92 -0.000357639
4202.88 0.000145191
4203.84 0.000325922
4204.81 3.66382e-05
4205.77 -0.000193533
4206.74 -0.000253716
4207.70 -0.000194585
4208.67 -0.000162570
4209.63 2.00607e-05
4210.60 0.000117075
4211.56 3.53064e-05
4212.52 -0.000326762
4213.49 -0.000471348
4214.45 -0.000167418
4215.42 0.000132898
4216.38 0.000145229
4217.35 -0.000258954
4218.31 -0.000461025
4219.27 -0.000249594
4220.24 -0.000221778
4221.20 -0.000438247
4222.17 -0.000193331
4223.13 -5.37001e-05
4224.10 -0.000296786
4225.06 -0.000120755
4226.03 8.76002e-06
4226.99 -0.000373410
4227.95 -0.000540879
4228.92 -0.000377463
4229.88 -0.000440333
4230.85 -0.000590116
4231.81 -0.000524785
4232.78 -0.000358369
4233.74 -0.000159239
4234.71 6.94767e-05
4235.67 0.000178207
4236.63 -0.000145562
4237.60 -0.000358747
4238.56 -0.000167517
4239.53 -3.28999e-05
4240.49 -9.30708e-05
4241.46 -0.000269854
4242.42 -0.000580324
4243.39 -0.000785109
4244.35 -0.000490077
4245.31 -0.000418048
4246.28 -0.000466531
4247.24 -0.000323702
4248.21 -0.000512486
4249.17 -0.000458155
4250.14 6.56620e-05
4251.10 -3.35090e-05
4252.06 -0.000354378
4253.03 0.000118438
4253.99 0.000120968
4254.96 -0.000624916
4255.92 -0.000611486
4256.89 -0.000263870
4257.85 -0.000119740
4258.82 -0.000368223
4259.78 -0.000540392
4260.74 -0.000786364
4261.71 -0.000757547
4262.67 -0.000218917
4263.64 -0.000234799
4264.60 -0.000533871
4265.57 -0.000563553
4266.53 -0.000226924
4267.50 -0.000335408
4268.46 -0.000874678
4269.42 -0.000601748
4270.39 -0.000266632
4271.35 -0.000231400
4272.32 -0.000280285
4273.28 -0.000408554
4274.25 -0.000439940
4275.21 -0.000361109
4276.17 -0.000589577
4277.14 -0.000825962
4278.10 -0.000629332
4279.07 -0.000534415
4280.03 -5.01852e-05
4281.00 -5.84703e-05
4281.96 -0.000596039
4282.93 -0.000903325
4283.89 -0.000765594
4284.85 5.38379e-05
4285.82 -0.000178147
4286.78 -0.000445716
4287.75 -1.48993e-05
4288.71 -0.000146970
4289.68 -0.000337955
4290.64 -0.000658123
4291.61 -0.000799408
4292.57 -0.000486376
4293.53 -0.000144048
4294.50 -0.000159731
4295.46 -6.59004e-05
4296.43 -0.000144886
4297.39 -0.000379255
4298.36 -0.000413340
4299.32 -0.000468807
4300.29 -0.00110049
4301.25 -0.00129186
4302.21 -0.000768833
4303.18 -0.000489416
4304.14 8.87159e-05
4305.11 0.000325732
4306.07 0.000389462
4307.04 9.19756e-05
4308.00 -7.27922e-05
4308.96 -0.000141762
4309.93 -0.000541648
4310.89 -0.000593117
4311.86 -0.000120401
4312.82 -6.76885e-06
4313.79 -0.000350753
4314.75 -0.000792822
4315.72 -0.000734409
4316.68 -0.000360178
4317.64 -0.000830347
4318.61 -0.000781531
4319.57 -0.000307299
4320.54 -0.000147985
4321.50 -0.000187254
4322.47 -0.000112439
4323.43 -9.21097e-05
4324.40 -0.000406291
4325.36 -0.000684662
4326.32 -0.000332531
4327.29 -0.000152515
4328.25 -0.000348987
4329.22 -0.000574870
4330.18 -0.000398939
4331.15 0.000108376
4332.11 -0.000165092
4333.07 -0.000306562
4334.04 -0.000274846
4335.00 -0.000217715
4335.97 -0.000342900
4336.93 -0.00104367
4337.90 -0.00108635
4338.86 -0.000790725
4339.83 -0.000666708
4340.79 -0.000543877
4341.75 -0.000550546
4342.72 -0.000534931
4343.68 -0.000268301
4344.65 -5.68852e-05
4345.61 -0.000371953
4346.58 -0.000587238
4347.54 4.01922e-05
4348.51 0.000271609
4349.47 -0.000183662
4350.43 -0.000519432
4351.40 -0.000394914
4352.36 0.000211615
4353.33 0.000489231
4354.29 0.000254361
4355.26 -7.28220e-05
4356.22 -0.000152994
4357.19 -0.000394378
4358.15 -0.000693746
4359.11 -0.000573115
4360.08 2.51010e-05
4361.04 0.000749230
4362.01 0.000312548
4362.97 -0.000453223
4363.94 -0.000281207
4364.90 -0.000126377
4365.86 -0.000629647
4366.83 -0.000516832
4367.79 -0.000260700
4368.76 -8.22842e-05
4369.72 8.93455e-05
4370.69 -0.000127938
4371.65 6.54925e-05
4372.62 3.57088e-05
4373.58 6.27395e-05
4374.54 0.000230068
4375.51 0.000174686
4376.47 0.000265615
4377.44 -3.47681e-05
4378.40 -1.61380e-05
4379.37 -0.000175424
4380.33 -0.000650592
4381.29 -0.000315662
4382.26 -0.000197645
4383.22 -0.000127517
4384.19 0.000342600
4385.15 0.000995731
4386.12 0.000788646
4387.08 -0.000188323
4388.05 -0.000541307
4389.01 -0.000279676
4389.97 6.67535e-05
4390.94 -0.000119030
4391.90 -7.03000e-05
4392.87 0.000265017
4393.83 -0.000138754
4394.80 -0.000339439
4395.76 -4.18071e-05
4396.73 -1.26921e-05
4397.69 0.000250841
4398.65 0.000142569
4399.62 -0.000351015
4400.58 -0.000592483
